694735
694834
695037
694814
694835
694643
694975
694980
694977
695035
695052
695071
694613
694726
695092
694874
694497
695050
694847
695045
694636
694716
694918
694456
694528
695095
694444
694868
695033
694769
694987
694733
694725
694493
694905
694846
694499
694582
694867
694767
694988
694441
694641
694870
695046
695032
694981
695029
694873
695279
695744
695358
695852
695605
695530
695505
695740
695851
695322
695799
695161
695521
695786
695699
695727
695254
695339
695226
695559
695674
695609
695756
695431
695206
695673
695203
695839
695604
695166
695321
695523
695403
695649
695797
695811
695350
695280
695395
695252
695633
695801
695757
695185
695302
695399
695457
695557
695723
695532
696183
696492
696461
695946
696302
695949
696357
696373
696196
696292
696571
696563
696683
696413
696389
696454
696198
696218
696103
696351
696170
696285
696338
696355
695953
696129
696209
696459
696061
696114
696372
696456
695888
696303
695954
696194
696067
696569
696352
696466
696562
696154
696684
696412
697062
696724
697270
697394
697091
697312
696989
697493
697073
697468
696978
697331
697452
697383
697269
697145
696795
697018
697052
697063
696766
697088
696834
696904
696883
697051
697343
697409
696948
697454
697302
696998
697476
697310
697475
697254
696856
697260
697492
697411
696729
697382
696730
697392
696884
696769
696833
697467
696797
697626
697754
697574
697918
697862
697791
698128
698171
698259
697865
697906
697951
697756
697701
698258
697819
698252
697907
697841
698282
697513
698081
697837
697575
697827
697895
697732
697561
698141
698290
698237
698289
697562
698085
697874
697824
697510
698126
697506
697704
697888
698082
698173
698821
698798
698967
698384
698724
698358
698776
698446
698541
698761
698670
698889
699057
698695
698318
698548
699009
698950
698448
698757
698303
698657
698580
698847
698796
698829
698948
698914
698944
698470
698725
698858
698965
698433
698331
698306
698801
698335
698560
699055
698502
698743
698517
698434
699011
698883
699630
699202
699222
699092
699285
699762
699400
699665
699381
699627
699342
699681
699737
699633
699624
699575
699360
699668
699587
699459
699584
699759
699177
699771
699608
699256
699536
699253
699198
699629
699739
699248
699680
699421
699366
699171
699068
699606
699182
699161
699741
699179
699577
699773
699314
699209
699364
699607
699599
699467
699625
699087
699829
699760
699621
699172
699830
699223
699457
699281
700513
699916
700026
700138
700263
699979
700594
699871
699891
700545
700356
700210
699995
700275
700270
700514
699998
700503
700227
700219
699892
700298
700307
700349
700229
700397
699869
700059
700504
700017
699862
700440
700118
700136
700432
700115
699999
700430
699956
700364
700255
700291
700305
700821
701060
700694
700693
701042
700671
701334
701141
700683
701233
700851
701137
701320
701191
700661
701199
701092
700652
700769
700937
701147
701333
701148
701194
701061
700766
700820
700630
700958
701325
701186
701090
700737
701058
700727
700764
701013
700949
701310
700906
700626
700723
701040
701175
700624
700739
701059
701265
701144
700673
700674
701564
701401
701586
702025
701951
701910
702112
701622
701439
701658
702045
702051
701508
701913
701958
701408
701414
701885
701873
701629
701342
701397
701663
701731
702070
701892
702038
701787
701405
701633
701889
701582
701426
701912
701440
701623
701881
701585
701705
701402
702098
701566
701875
701949
702071
702040
701563
701915
701487
701370
701559
701939
702122
701435
701544
701986
701506
701425
701953
701933
701437
702309
702838
702831
702177
702563
702452
702174
702344
702783
702453
702678
702635
702507
702607
702504
702324
702272
702700
702273
702224
702718
702564
702843
702579
702437
702824
702225
702465
702837
702658
702680
702592
702659
702468
702256
702245
702662
702318
702297
702182
702241
702321
702823
702421
702436
703523
702985
703056
703396
703059
703617
703177
703535
703280
702905
703043
703416
703179
702902
703176
703616
703015
703296
703496
702990
702987
703331
702981
703252
703380
703151
703400
703572
703549
703521
703044
703515
703593
702952
703016
703281
703272
703536
703329
703582
702995
703211
703585
703514
702980
703250
703382
703543
703185
703256
702994
703703
704156
704459
704126
703776
704400
704469
704179
703680
704039
704053
703953
703982
704274
704210
703986
703673
703693
704243
703854
704229
703672
703884
704023
704214
703792
704043
704135
704448
703704
704127
704317
704130
703701
704017
704399
704006
703904
704062
704134
704464
703791
703646
703919
703853
704244
704131
704269
703691
704140
705109
705128
704977
704885
704505
704482
704726
705164
704682
705102
705085
705191
705143
704572
705097
704978
704611
705142
705040
705021
705200
704483
704618
705067
704692
705178
705028
704773
704870
705176
704996
705108
705163
705083
704892
704847
705189
704497
704695
704883
705151
704574
705045
704893
705082
705126
705364
705392
705678
705855
705763
705787
705305
705931
705732
705505
705897
705603
705383
705807
705365
705670
705748
705834
705402
705551
705899
705304
705415
705358
705654
705851
705693
705831
705610
705728
705913
705475
705769
705473
705730
705739
705627
705695
705772
705792
705927
705490
705381
705616
705914
705574
705403
705522
705572
705406
705664
705626
705506
705577
705614
705650
705985
706688
706280
706687
706100
706423
706634
706489
706302
706013
706633
706636
706387
706708
706268
706434
706608
706736
706730
706727
706420
706637
706151
706056
706619
705969
706062
706717
706047
706009
706419
706153
706606
706065
706036
706716
705991
706294
706555
706273
706300
706618
706744
706490
706614
707040
707090
707445
707190
706788
706808
707283
707338
707386
707229
707098
707162
707242
707126
706984
706782
707244
707164
707075
706849
707025
706989
707073
707023
706798
707131
706906
706786
707234
706920
707337
707042
707382
707197
707027
706965
707147
707228
707281
707196
707199
706807
706801
707121
707085
708178
708169
707945
708232
707863
707658
707613
707890
707513
707799
707869
707605
707660
707619
707991
707810
707852
708208
708187
707747
708193
708192
707703
707904
707931
708042
708220
707993
707541
707523
708124
708159
707892
707723
707673
707774
708156
708027
708019
708167
707531
707533
708054
708126
708025
707539
708189
707886
708226
707514
707848
707882
708219
707528
707607
707688
707614
707922
708259
708300
708478
708627
708769
708637
708342
708799
708367
708467
708297
708903
708851
708902
708282
708576
708905
708421
708249
708840
708474
708860
708616
708679
708690
708838
708869
708560
708481
708326
708907
708413
708682
708767
708943
708964
708864
708279
708621
708340
708254
708867
708354
708942
708889
708620
708292
708291
709524
709152
709164
709298
709431
709331
709149
709478
709098
709111
709613
709597
709234
709246
709706
709565
709101
709504
709682
709732
709513
709205
709212
709520
709067
709112
709299
709541
709596
709397
709471
709465
709705
709511
709508
709430
709156
709748
709029
709259
709680
709715
709013
709161
709158
709384
709227
709206
709281
709463
709220
710335
710269
710453
710277
709797
710246
710231
710391
710263
710307
710287
709764
710393
710099
710169
710227
710481
709801
710455
710193
710336
710022
709864
710283
710225
709987
710122
709799
710405
710437
709787
710375
710438
710476
710270
710198
709984
709884
710251
710423
710406
709891
709946
709939
710170
710764
710570
710780
711199
711266
710943
710693
711078
710558
711236
711065
710673
711233
710766
711095
710573
710932
710658
710652
710941
711138
710489
711094
710502
711267
710681
710656
710675
711066
711135
710805
710926
711052
711242
710935
710665
710557
710915
711045
711039
711357
711710
711863
711422
711467
711491
711536
711853
711378
711457
711712
711682
711810
711644
711561
711446
711554
711786
711399
711454
711656
711945
711340
711453
711654
711909
711285
711706
711511
711369
711780
711515
711540
711923
711922
711799
711658
711275
711400
711419
711781
711861
711705
711447
711809
711365
712169
712316
712435
712473
712137
712645
712649
711957
712635
712348
711990
712274
712389
712133
712606
712246
712665
712628
712168
712183
712241
712367
712653
712654
712612
712634
712472
712364
712393
712611
711991
712394
712293
712605
712546
712544
712170
712650
712663
712272
712743
713165
712906
713235
713036
713410
713194
713176
713129
713173
712947
713441
712964
712739
713294
713276
713373
712952
713083
713061
713234
713146
713409
713254
713260
713130
712955
713461
713283
712710
713024
713145
713160
713060
712940
712956
713442
714063
713726
714000
713471
714053
714127
714076
713696
713558
714188
713972
713883
714088
714065
713614
714059
713523
714187
713928
713514
714134
714162
713887
713709
713520
714093
713673
714125
714046
714048
713516
713497
713617
713842
713767
713770
713720
713721
714077
713978
713524
713541
713515
713494
713585
713880
713835
714036
713691
713877
714851
714356
714456
714821
714683
714502
714624
714212
714747
714274
714804
714910
714924
714551
714701
714520
714355
714782
714478
714748
714504
714275
714706
714538
714475
714858
714446
714466
714210
714462
714856
714902
714671
714680
714903
714789
714738
714912
714526
714483
714445
715134
715155
715549
715625
715199
715047
715462
715460
715484
715203
715012
715076
715248
715336
715241
715238
715014
715243
715544
715159
715273
715089
715603
715258
715558
715670
714956
715251
715230
715201
715623
715506
715669
715052
715509
715503
714974
714952
715602
715160
715548
715531
716227
716119
715734
716120
715889
715972
716052
715711
715862
716132
715825
715947
716370
716321
716239
716409
716280
716355
716406
715866
715966
715733
715755
715756
716279
716225
716368
716411
716092
716350
716131
716328
716354
715832
716011
716244
716351
715739
716418
716395
716314
716054
715712
715967
716594
716562
716885
716740
716941
717043
716849
716619
716799
717142
716484
716560
716705
716982
716985
716600
716566
717171
716447
717172
716728
717102
717160
716542
716628
716884
717047
717058
716981
716575
716671
716572
717100
716549
716573
716621
716479
716723
717161
716704
716761
716456
716732
716593
717054
716424
717216
717342
717319
717300
717356
717264
717661
717614
717825
717941
717219
717336
717274
717271
717205
717470
717335
717823
717267
717817
717937
717482
717432
717769
717478
717875
717346
717380
717302
717808
717343
717840
717324
717405
717443
717709
717655
717932
717931
717207
717901
717217
717946
717649
717905
717351
717943
717839
717819
717195
717363
717930
717386
717366
717903
717768
717222
717341
717928
717656
717261
717959
717701
717916
718303
718351
718513
718281
718524
718609
718728
718116
718431
718543
718615
718016
718493
718668
718066
718715
718580
718132
718072
718706
718568
718525
718545
718492
718069
718744
718299
718364
718077
718464
718020
718214
718663
718013
718429
718027
718199
718694
718182
718588
718469
718058
718360
718057
718704
718225
718633
718228
718695
718520
718433
718466
718401
718388
718131
718316
719331
719317
719533
719022
718840
719281
718837
719110
718758
718947
718850
718948
719366
719051
718903
719118
719280
719391
719243
719192
719044
719023
719534
719310
719417
719332
719285
719497
719503
719319
719506
719403
719368
718833
719379
719154
719097
719083
719129
719470
719049
719376
719358
719085
719357
718869
719248
718852
719464
718896
719267
719402
718832
719125
719254
719385
719138
718769
718778
719113
719286
719501
719238
720157
719710
720178
720002
720265
719984
720209
719916
720020
720127
720269
719693
719865
720196
720080
719866
720095
720179
720076
719756
720250
720054
720005
720019
719983
719658
719979
719779
719929
720229
719994
719971
719991
720104
720197
720077
720058
719993
720201
720025
719695
719926
719781
719587
720038
720042
720734
720858
720904
720634
720743
720688
720321
720549
720506
720756
720604
720345
720360
720373
720744
720339
720348
720425
720394
720818
720889
720524
720856
720395
720737
720804
720928
720430
720883
720333
720431
720681
720936
720392
720605
720375
720376
720427
720362
720690
720297
720459
720798
720559
720609
720752
720836
720929
720732
720906
720738
721157
721336
721384
721465
721112
721462
721142
721665
721057
721508
721507
721147
721622
721202
721282
721635
721438
721614
721141
721605
721152
721233
721382
721664
721153
721330
721464
721144
721639
721602
721364
721114
721097
721448
721634
721615
721163
721249
721520
721735
721331
721612
721184
721210
722092
722362
721806
721781
722401
722395
721745
722120
722472
721790
722246
722484
721973
722000
722368
721807
721813
722240
721907
721838
721918
721885
721749
721823
722248
721780
722482
722394
721750
721791
721908
722193
721826
722239
722216
722418
721754
721886
722404
722197
721815
721892
722249
721853
721983
722252
721854
721920
723136
723086
723167
723078
722662
723076
723002
723013
722719
723238
723199
722691
723054
722577
723014
722525
722548
722701
723178
722601
723036
723109
722852
723074
722926
723173
723093
722523
722925
722509
722663
723183
723168
723003
722740
723131
722575
723146
722514
723025
723149
723197
722517
722903
723037
723174
723551
723603
723451
723453
723315
723842
723376
723331
723681
724003
723643
723949
723746
723971
723565
723968
723745
723450
723341
723408
724002
723849
723725
723497
723914
723489
723829
724058
723984
723602
723820
723552
724016
723831
723913
723342
723292
723321
724019
723948
723824
723280
723378
723682
723715
723724
723454
723753
723985
724758
724138
724110
724578
724263
724561
724118
724412
724408
724626
724328
724606
724342
724286
724119
724099
724624
724077
724160
724565
724269
724742
724513
724127
724757
724159
724574
724207
724240
724097
724601
724699
724149
724275
724362
724599
724698
724410
724130
724109
724753
724376
724498
724605
724243
724146
725510
724831
724790
724968
724865
725151
724828
725443
725541
725535
725150
725492
725386
724842
725629
725385
725236
725408
725022
724942
725267
725414
725412
725089
724850
724814
724967
725571
725627
724911
725456
725011
725455
725008
725515
725390
725493
725407
724843
725076
725145
725060
725330
724875
724851
724860
725165
725159
725333
724940
725265
726154
726266
726096
726212
726024
725719
726347
725783
725864
726296
725941
725925
726327
725770
725962
726113
726112
725687
726218
726320
726093
726027
726221
726286
726267
725949
726245
725848
725792
726070
725648
726323
726087
726155
726335
725982
726294
725680
726285
725696
726358
725677
726061
726111
726085
725924
726187
726186
725985
726943
726746
726844
726900
727004
726849
726536
726868
726833
726629
726944
726866
726460
726693
727079
727006
726840
727076
726959
726954
726832
726970
726732
726784
726458
727132
726579
726763
726785
727118
726658
727073
726899
726789
726394
726953
726462
726537
726578
726813
727013
726764
726456
727445
727553
727280
727907
727258
727355
727535
727607
727184
727716
727867
727873
727461
727919
727405
727375
727654
727281
727718
727284
727534
727578
727447
727608
727399
727552
727400
727659
727869
727559
727920
727542
727708
727556
727590
727749
727418
727215
727315
727218
727524
728512
728424
728706
728515
728266
728751
728084
728164
728289
728559
728356
728219
728659
728406
728004
728307
728624
728231
728213
728230
728005
728082
728466
728759
728360
728747
728467
728123
728753
728560
728710
728105
728740
728423
728012
728358
728451
728705
728128
728298
728629
728011
728121
728336
729195
728945
728803
729523
729547
729211
729468
729038
729283
728837
729344
729289
729339
728952
729315
729477
728934
729086
729136
729496
729244
729486
729471
729419
729347
728799
729061
728783
729355
728836
729246
728851
729421
728922
729201
729253
729134
729010
729314
728935
729032
729252
729203
728850
729220
729187
729418
729015
729242
729440
729553
729057
730212
730040
730201
730033
729653
730109
729652
729730
729968
729718
729645
730104
729728
729967
730209
729870
729814
729720
729831
730132
729820
729672
729788
729756
729734
729941
729961
729566
730039
730003
730080
729661
729586
729716
730049
729697
730106
730188
730208
730187
729977
730165
729793
729962
729863
729943
729969
730111
729568
730218
730078
730599
730655
730684
730418
730307
730471
730541
730848
730573
731014
731013
731000
730283
730784
730766
730612
730947
730724
730495
730322
730256
730989
730503
730583
730288
730269
730594
730595
730575
730897
730445
730324
730656
730722
730826
730303
730846
730794
730982
730898
730328
730431
730822
730943
730502
731558
731539
731444
731388
731038
731117
731533
731035
731282
731709
731512
731761
731566
731469
731118
731440
731439
731406
731131
731445
731778
731557
731395
731163
731591
731164
731123
731411
731600
731070
731298
731511
731213
731541
731614
731095
731683
731508
731301
731568
731126
731098
731122
731752
731780
731399
731143
731212
731507
731327
731615
731130
731514
731077
731750
731589
731144
732124
732209
732527
732072
732431
731994
732611
732396
732013
732577
732350
731929
732537
731958
732405
732520
732567
731993
732185
731847
732212
732035
732186
731990
732056
732285
732293
731830
732352
732397
732228
732411
732008
732578
732203
732125
731930
731951
732027
732356
732543
732229
732358
732566
732622
732369
731845
732432
732743
732862
733142
732917
733161
733264
733293
732991
732643
733365
732957
733004
732990
733239
733219
733269
732698
733165
733108
733339
733280
733287
733260
733263
732811
732830
732987
733405
733129
732745
733157
733095
733358
732989
733140
733275
732703
732905
733044
733113
733230
733295
732958
733130
732976
733282
732890
732912
733043
733271
732812
733259
733096
733340
733356
733158
733843
734073
734096
733491
734018
733984
733513
733691
733796
733880
733641
733530
733854
733773
734047
733607
733536
733861
733500
733899
733492
734157
733783
733747
733946
733572
733489
734055
733733
733960
734027
733458
733930
733878
733558
734052
734095
734117
733450
733775
734045
733948
734013
733855
733532
734017
733493
733529
734051
733501
733860
734060
734079
733459
733601
733737
733511
733496
733813
734403
734954
734241
734784
734529
734379
734832
734248
734773
734657
734842
734275
734796
734602
734567
734596
734789
734833
734239
734281
734904
734299
734649
734755
734794
734947
734242
734354
734283
734180
734912
734658
734840
734270
734527
734177
734568
734779
734185
734645
735058
735717
735334
735566
735731
735079
735691
735573
735565
734983
735511
735342
735549
735140
735352
735050
735124
735551
735536
735538
735715
735221
735682
734990
735448
735214
735220
735078
735103
735202
735184
735386
735493
735234
736290
736285
736273
735929
736045
735986
736331
736072
736345
735783
736296
735753
736155
735930
736454
736148
736199
736202
735771
736288
736113
735926
735805
736111
736149
735773
735793
736052
735784
736340
735996
735802
735984
736021
736038
736267
736395
736394
736333
735759
736215
736450
736417
736414
736465
736217
736291
735981
736966
736965
736696
736878
737140
736553
736855
736831
736876
736545
736539
736550
736997
736986
736610
737037
737141
736510
736513
736885
737032
737142
736585
736851
736984
737045
736942
736694
736780
736810
737095
736825
737128
736999
736798
736590
737051
737070
736543
737038
736490
737081
736678
737797
737429
737833
737811
737587
737810
737944
737707
737633
737463
737459
737370
737259
737204
737357
737900
737423
737263
737375
737320
737696
737212
737735
737670
737834
737368
737283
737588
737875
737774
737448
737760
737771
737723
737287
737605
737669
737602
737695
737352
737874
737261
737902
737884
737387
738620
738649
738734
738391
738533
738239
737973
738397
738606
738381
738605
738012
738070
738594
738369
738613
738430
738266
738071
738096
738265
738424
738721
738534
738624
738733
738243
738427
738761
738646
737996
738645
737995
738653
738255
738079
738722
738601
738650
738248
738753
738585
738013
738598
738677
738080
738629
738382
738432
738292
738339
738582
738426
738392
738439
739309
738885
738996
739016
739338
739249
739091
738861
738884
739398
739292
739313
739532
739450
739225
739438
738858
739301
739150
739263
739560
739243
739375
739384
739558
738932
739440
738934
739361
738905
739006
738863
739497
739482
739511
739517
739496
739071
739516
738824
739374
739297
739264
739312
739281
739478
738941
739386
739371
739451
739133
738856
739530
739275
739337
740299
739669
739601
740303
740105
740306
740102
740035
739890
740003
739888
740136
740209
739585
740243
740006
739663
740329
740133
740114
740335
739634
740096
740002
740022
740109
740284
739747
739716
740280
740305
740042
740291
739977
740057
739597
740124
740289
739886
739745
740297
740016
739784
739714
739780
739584
740283
740041
739952
739941
740053
740266
739754
740215
739938
740107
740069
739632
740359
740279
740337
740238
741071
741109
740421
741107
740851
740457
740907
740993
740915
740978
740752
740850
740772
740531
740954
740493
740966
740484
741002
740423
740987
740436
740967
740692
740530
740455
741042
740600
740500
740439
740722
740992
741044
740597
740596
740895
740474
740561
740599
740917
741825
741437
741732
741847
741172
741251
741614
741881
741646
741351
741416
741451
741546
741241
741230
741692
741618
741193
741694
741258
741879
741252
741615
741722
741909
741660
741340
741183
741870
741818
741725
741723
741702
741868
741388
741675
741312
741562
741277
741826
741163
741737
741574
741652
741238
741450
741370
741367
741654
741674
741369
741817
741701
742188
742534
742249
742088
741952
742622
742424
742246
742621
741970
742421
742632
742321
742450
742109
742052
742531
741967
741962
742449
742360
741965
742635
742446
742020
742353
742389
742577
742010
742185
742459
742047
742501
742189
742008
742317
742451
742018
742071
742378
742108
742125
742258
742494
742295
742221
742309
742562
742561
742087
742584
742388
742430
742124
743122
743077
742725
742947
743226
743309
742967
742769
742903
743338
743187
743059
743243
742830
742848
742829
743197
743305
743340
743046
742855
743105
743352
743212
743066
743408
743332
742820
743155
743173
742966
742713
743299
742813
742798
743355
743269
743176
743157
742771
743082
742742
743389
743030
743145
743079
743125
742950
743330
743092
742956
743211
743202
743551
743820
743913
743584
743811
743745
744120
744035
744100
743426
743742
744036
743817
743480
743904
743724
744119
743678
743552
743973
743492
744167
744099
743819
743971
743542
743716
743747
743767
743623
743853
743743
743503
743482
743527
743657
743916
744367
744291
744928
744583
744621
744831
744571
744800
744814
744747
744728
744370
744765
744900
744327
744211
744500
744835
744718
744872
744602
744352
744837
744287
744966
744343
744892
744425
744938
744530
744344
744902
744319
744736
744724
744899
744802
744387
744369
744359
744653
744286
744974
744318
744542
744812
744447
744210
744738
744656
744601
744351
744615
745728
745747
745145
745627
745502
745430
745200
745768
745045
745385
745730
745290
745019
745074
745037
745046
745517
745495
745771
745735
745269
745699
745146
745732
745221
745534
745035
745512
745629
744999
745158
745260
745587
745449
745619
745588
745089
745708
745545
745316
745707
745075
745742
745546
745659
745365
745591
745537
745665
745268
745070
745275
745597
745712
746276
746221
746248
746148
745972
745898
746524
745805
746287
746262
746373
746397
745809
746500
745828
746189
745939
746190
745846
746376
746396
745963
746529
746283
746496
745860
746085
746490
746129
746595
745943
745863
746518
746075
745867
746029
746204
746501
745870
745896
746372
745826
746163
746507
745858
746018
746350
745864
746349
746055
746428
746535
746048
746147
746076
746419
746256
746601
746482
746481
746648
746956
747004
746936
746645
746634
747029
746744
746689
747200
746812
747300
747224
746969
746795
746917
747291
746743
746731
746722
746805
747168
747162
747022
746738
746647
747145
746617
747074
746625
746855
746983
746654
747243
747163
747015
747131
746650
747206
746918
747174
747071
747292
747299
746971
747842
747421
748022
747764
748039
747531
747495
747732
748004
747645
747543
747961
747767
747396
747470
747621
747722
747427
747471
747333
747881
747574
747828
747577
747433
747783
748065
747873
748066
747974
747992
747733
747338
747515
747397
747999
747425
747962
747454
747622
747877
747827
747529
747475
747923
747612
747476
748649
748124
748144
748530
748663
748132
748235
748500
748133
748691
748196
748604
748712
748357
748745
748762
748282
748236
748822
748877
748681
748513
748129
748881
748646
748404
748635
748707
748262
748888
748679
748596
748748
748692
748145
748548
748315
748215
748883
748301
748551
748167
748087
748365
748603
748669
748450
748508
748636
748166
748606
748476
748346
748610
748824
748284
748750
748744
748876
749270
749022
749559
749145
749045
749168
749051
749656
749572
749213
749054
749048
749259
749443
749111
749571
749246
749319
749526
748952
749329
749058
749124
749366
749186
749561
748953
749049
749437
749406
749364
749276
749283
749441
749573
749336
748985
749337
749489
749403
748982
750030
750212
749997
750362
750224
749691
750134
750310
750175
750210
749864
750066
749893
749918
749799
750004
750216
749681
750311
750213
750003
750054
750023
749951
750290
749773
749901
749712
750239
749811
750326
749863
750064
750180
749701
749894
750299
750202
750221
750045
749950
750291
749816
750218
750403
749800
750325
749813
749713
750314
750080
749762
749980
749772
750102
750167
750229
750168
750921
750788
750891
751066
750541
750962
751036
750747
750516
750599
750794
750850
750705
751083
750671
750735
750936
750592
750613
751032
751063
750946
750745
751048
750492
751069
751097
750560
750975
751162
750603
750883
750950
750537
751163
751051
750920
750882
750556
750874
750795
750435
750826
750727
750812
750896
751034
751038
750514
750957
750937
750822
750853
751070
750511
751257
751335
751970
751975
751846
751884
751546
751526
751916
751637
751591
751638
751542
751897
751729
751228
751956
751797
751825
751327
751769
751230
751665
751385
751945
751648
751533
751830
751654
751773
751256
751806
751668
751212
751325
751847
751618
751833
751728
751832
751914
751326
751491
751544
751524
751579
751824
751194
751413
751349
751352
751957
751972
751316
751532
752667
752587
752412
752050
752539
752312
752021
752477
752624
752435
752415
751979
752121
752217
752511
752237
752137
751982
752214
752363
752114
752384
752213
752673
752442
752560
752178
752158
752428
752116
752500
752550
752406
752754
752148
752142
752176
752365
752023
752446
752400
752321
752149
752561
752513
752746
752669
752049
752556
752621
753585
753526
752874
752977
753404
752885
753215
753207
753405
753557
752998
753286
753155
753520
753534
753587
753160
753231
753013
753486
752868
752888
753597
752861
753354
753266
752876
753433
753329
752886
753216
753136
752860
753230
752944
753343
753110
753568
753488
752945
753352
752963
753076
753291
753133
753284
753339
753391
752790
753371
752820
752834
752869
752955
753540
752879
753565
752823
752957
753412
752837
753084
752907
753149
753924
753671
753793
754340
753672
754077
754139
753915
753887
753700
754163
753699
754025
754102
754048
754122
753682
753820
753934
754047
753694
754264
753804
754099
754389
754138
754342
753618
753932
754044
753760
753630
754103
754120
753757
754058
753938
753888
754345
754310
753919
753683
754307
754387
753830
753795
753715
754065
754555
754429
754912
754957
755067
754951
754747
754776
754861
754694
754988
754875
754545
754870
754415
754400
754662
754481
754992
754857
755053
754718
754972
754701
754818
754911
754670
754671
754488
754612
755065
754901
754980
755058
754402
754777
754502
755010
754589
754427
754787
755576
755624
755158
755498
755580
755095
755501
755234
755181
755428
755508
755801
755178
755393
755146
755172
755405
755702
755107
755162
755673
755760
755694
755157
755762
755177
755647
755235
755099
755510
755721
755575
755482
755403
755163
755504
755617
755722
755176
755630
755579
755816
755758
755825
755339
755704
755695
756049
756325
756149
756561
755972
756053
756516
756354
756423
756483
756094
756358
756425
756212
756037
756258
755890
756295
756629
756123
756047
756459
756600
755982
756060
755957
756262
755970
756095
756220
756452
755871
756649
756602
756514
756249
755896
756301
756122
756563
756954
757074
757378
757087
757136
757168
756704
756759
757356
757380
757070
756782
756882
757088
757039
757012
756944
756865
757135
757391
756972
756973
757433
757184
757225
756957
756753
757179
757222
756760
757311
757185
757066
756968
756899
757034
757293
757376
757125
757140
757292
756945
757176
756749
757398
758030
757543
757934
758024
758010
757756
757663
757525
757581
758062
758033
758162
757621
757540
757489
757859
758197
758145
758014
758117
758149
758130
757955
758068
757912
758129
757755
758025
757947
757568
757459
758060
757524
757832
758066
757683
757696
757638
758131
758170
758163
758951
758674
758269
758996
758717
758942
758716
758920
758379
758218
758675
758387
758656
758888
758240
758264
758721
758937
758670
758598
758664
758950
758640
758475
758639
758621
758790
758416
759228
759075
759440
759378
759322
759073
759367
759723
759182
759416
759777
759726
759677
759522
759276
759227
759374
759185
759543
759427
759460
759439
759035
759398
759199
759232
759205
759475
759728
759236
759598
759410
759084
759521
759372
759643
759472
759861
760038
760253
760315
760127
760061
759802
759924
760353
760131
760504
759875
760291
760371
760487
760198
760112
760355
760087
760480
760300
759970
760507
760106
760308
760206
760540
760406
760302
759931
759856
760192
760506
760179
759930
760066
760405
760089
760444
760372
760293
760942
760816
761110
761245
761347
760558
761311
760588
760914
761189
760775
760970
760917
760622
761020
761383
761438
760825
761301
760921
760868
761143
761442
760787
761274
760806
761100
761181
760651
761236
760587
761295
760590
761120
761219
760912
760649
760999
760595
761190
761123
760578
761437
760562
761231
761176
761279
760807
761105
761144
761173
760580
761099
761433
760820
761223
761227
761303
760611
760620
760797
761486
762168
761625
761521
761559
762141
761623
761525
761581
761607
761805
761739
761688
761994
761882
761532
762119
761597
761624
761546
762015
762209
761879
762166
761485
761596
761560
762058
761981
761537
762028
761491
761693
761719
761608
761544
761618
761540
762120
761886
762083
761651
761533
762062
761551
761650
762017
762086
761883
762208
762123
762831
762817
762704
762549
762387
762952
763020
762917
762808
762287
762614
762683
762950
762727
762402
762855
762640
762367
762274
762288
762345
762615
762465
762445
762351
762362
762451
762536
762717
762818
762357
762535
762830
762401
762685
762473
762722
762548
762511
762720
762932
762466
762446
762974
762851
762346
762641
763018
762228
762352
762723
762361
762547
762325
762716
762730
763003
762687
762358
763551
763032
763094
763691
763475
763666
763537
763436
763517
763171
763540
763549
763333
763132
763463
763208
763478
763334
763053
763692
763530
763614
763651
763093
763518
763270
763059
763306
763493
763676
763731
763653
763757
763669
763210
763460
763494
763457
763252
763535
763732
763304
763124
763831
764462
764541
764095
764195
763852
763851
763920
764471
764525
763801
764066
764495
763917
764265
763886
764403
763944
763808
763963
764194
763877
763870
764203
764540
764524
764467
763930
763785
764287
764205
764473
764405
763778
763950
763939
764013
763940
763871
764254
764451
764456
764074
764493
764087
763888
764316
764202
764286
763929
764151
763796
764251
763874
765167
764773
765182
764661
765272
765005
765160
764866
765172
765169
765260
765256
765108
764981
764834
764562
764904
764654
764606
764692
765012
765239
764857
764662
764936
764841
765133
764892
764821
764604
765209
765006
765254
765226
764646
764649
765307
764934
764637
764980
765273
765223
764903
765219
764788
764669
764660
765109
765180
764822
765698
765717
766058
765666
765435
765901
765694
765353
765919
765723
765397
766048
765368
765479
765346
765894
765490
765376
765892
765877
765746
766034
765872
765646
765631
765364
766099
765564
766049
765340
765944
765578
765657
765478
765530
766100
765986
765935
765398
765635
765436
766060
766692
766204
766632
766302
766160
766641
766810
766819
766820
766645
766425
766491
766867
766654
766874
766741
766440
766649
766294
766811
766197
766533
766303
766527
766856
766736
766423
766475
766206
766563
766313
766522
766875
766396
766647
766639
766196
767369
767002
767217
767288
767041
767285
767141
767257
767023
767588
767600
767216
767086
767258
767459
767443
767430
767192
767558
767289
766945
767039
767234
767022
767351
767586
767298
767190
766916
766914
767470
767004
766892
767620
767584
767053
767324
766917
767599
767384
767082
767653
767624
767349
767299
767494
766943
767783
768356
768391
767802
767981
768346
767869
767894
767741
767742
768471
767868
768118
768385
767801
768260
767723
768392
767985
768057
768060
768382
768012
767717
768347
767721
768368
767874
767812
767792
767718
768371
768193
768355
768410
768262
768324
767965
767703
768383
768405
767691
768014
768478
767900
768094
768402
767984
768096
767700
767811
767958
768394
768665
768697
769022
769184
769186
768536
769192
768971
768579
769115
768989
769196
769218
768980
768974
768885
768703
768941
768833
769122
769020
769154
769050
769082
769193
768891
768522
768633
768616
768810
768788
768731
768685
768907
768987
769153
768887
768802
768689
768734
768634
768796
768929
769250
768645
769100
768962
768942
768923
768979
769187
769985
769406
769553
769715
769390
769343
769893
769499
770026
769874
769983
769555
769353
769377
769822
769421
769926
769455
769664
769697
769567
769783
769774
769916
769864
769403
769917
769928
769866
769978
769777
769920
769875
769344
769500
769370
769666
769368
769282
769435
769788
769371
769271
769831
769540
769565
769515
769977
770629
770150
770257
770331
770624
770343
770803
770095
770792
770243
770341
770421
770659
770198
770050
770153
770348
770299
770813
770581
770752
770290
770658
770652
770196
770119
770076
770099
770097
770110
770332
770578
770791
770766
770174
770360
770052
770324
770297
770815
770225
770364
770433
770148
770765
770431
770235
770120
770591
770753
770590
770876
770856
771014
771031
771040
770896
771021
771565
771363
771251
771529
771494
771481
771010
771484
771160
771413
770895
771401
771166
771422
771007
770910
771045
770855
771142
770902
771025
771564
771252
770922
771273
771167
771531
771094
771556
771009
771159
770874
770903
771140
