291
482
243
123
238
302
70
60
522
15
563
313
49
172
381
401
87
162
331
374
398
37
490
145
197
119
225
514
364
51
509
357
104
158
432
200
329
288
206
299
414
217
285
155
532
395
347
93
41
389
228
133
496
148
409
183
339
18
422
253
111
59
235
473
66
501
27
76
463
321
523
411
86
303
122
242
5
483
163
44
20
312
562
173
379
455
210
519
369
114
545
356
340
275
109
448
504
196
433
265
324
558
36
419
294
497
278
30
445
555
190
346
268
350
132
458
404
548
207
92
216
384
533
371
26
334
77
252
361
511
423
67
182
462
101
54
8
472
80
344
500
165
428
12
320
209
175
296
499
406
386
417
525
214
485
110
3
305
435
40
273
24
263
336
142
79
453
222
543
69
56
538
50
535
392
84
201
443
282
491
152
330
438
46
553
116
528
354
107
400
232
308
488
380
326
168
71
290
377
34
61
506
194
178
517
367
425
315
188
258
100
13
349
81
407
204
387
416
219
125
245
370
2
297
478
494
468
360
510
351
262
57
272
29
31
542
98
337
74
223
138
452
191
64
143
47
95
341
393
89
135
552
211
153
283
442
248
507
475
359
366
516
128
233
465
327
21
376
255
39
410
185
318
117
106
199
429
280
208
547
150
332
457
254
184
464
267
52
146
498
277
474
390
431
226
301
16
7
481
292
521
413
171
68
539
134
78
161
94
230
402
382
236
363
513
421
65
112
373
75
502
322
103
10
439
557
396
140
309
220
489
124
529
495
447
244
179
205
42
531
314
564
286
169
156
276
147
550
195
424
227
333
266
189
35
259
440
348
456
469
218
53
546
355
479
28
412
293
241
121
139
383
534
403
85
17
6
561
311
99
88
113
372
0
181
512
362
251
25
102
323
461
237
434
471
503
484
287
304
157
540
249
450
358
215
524
129
260
131
174
446
198
38
556
397
345
270
91
164
319
43
530
353
239
55
221
436
193
141
33
48
335
83
405
385
118
526
486
317
399
306
11
159
554
328
166
420
289
127
444
508
247
176
295
325
467
264
23
170
505
274
477
298
160
426
231
388
115
229
480
300
72
149
408
544
454
257
520
62
187
137
430
202
45
338
97
19
343
391
151
492
281
4
58
536
213
261
352
130
90
234
437
271
541
32
192
451
368
518
126
460
246
177
470
394
378
167
82
487
284
1
316
559
154
307
108
250
449
180
527
415
256
186
269
310
560
22
418
279
105
549
63
476
144
515
427
365
224
120
466
73
240
459
375
537
342
203
14
9
96
212
551
441
493
136
