291 292
482 483
243 253
123 124
238 278
238 251
238 239
302 306
70 208
70 150
70 73
60 62
522 522
15 30
15 34
15 43
15 33
15 151
15 63
563 564
313 323
313 317
49 50
49 137
172 173
172 174
381 382
381 430
401 401
87 533
87 89
162 163
331 339
331 334
331 332
374 389
374 377
374 396
374 403
398 400
398 399
37 38
37 48
490 490
145 148
197 363
197 198
119 122
119 142
119 140
119 121
119 129
225 228
225 230
514 523
514 527
514 515
364 367
51 53
509 510
357 364
357 358
104 105
158 201
158 159
432 433
200 202
329 339
329 336
329 330
288 289
288 295
206 381
206 213
299 303
299 300
414 419
414 423
414 415
217 227
217 218
285 289
285 295
285 470
155 156
532 533
395 400
395 399
347 348
93 95
41 50
41 137
389 391
228 247
228 229
133 199
133 136
496 498
148 149
409 414
409 411
183 185
339 340
339 349
18 19
18 515
422 422
253 255
253 256
111 112
111 140
59 62
235 237
473 474
66 70
501 514
501 502
27 36
27 29
27 35
76 77
463 467
321 322
523 526
411 412
411 418
86 89
303 305
122 127
122 130
242 243
242 258
5 7
483 484
163 164
44 68
44 45
20 60
20 61
20 23
312 313
312 315
562 564
173 197
173 179
173 193
379 386
455 456
210 501
210 429
210 352
210 487
210 375
210 212
519 521
519 520
369 370
114 116
114 557
545 563
545 555
545 548
545 546
356 361
340 348
275 278
275 276
109 172
109 110
109 167
109 120
448 451
504 505
196 363
196 198
433 442
433 439
433 434
265 275
265 266
324 379
324 525
324 410
324 484
324 325
324 426
324 536
558 559
558 560
36 37
36 47
419 420
294 468
294 295
497 498
278 280
278 286
30 71
30 39
30 68
30 45
30 32
445 446
555 556
190 207
190 194
190 205
346 347
346 349
268 424
268 269
350 409
350 379
350 371
350 351
350 475
350 547
350 502
350 489
132 133
132 160
458 460
404 406
404 407
548 549
207 212
92 93
92 108
92 96
216 227
216 218
384 386
384 425
384 437
533 533
371 374
371 532
371 548
371 485
371 508
371 426
26 27
334 335
77 128
77 131
77 164
252 253
361 361
511 512
423 424
67 69
67 72
182 186
462 482
462 468
462 475
101 102
54 55
8 9
472 473
80 109
80 124
80 82
344 345
500 501
500 546
165 166
428 448
428 429
428 457
428 444
12 13
12 529
12 527
320 321
320 323
209 210
175 187
175 177
296 428
296 435
296 443
296 491
296 376
296 325
296 454
296 518
296 515
499 500
406 408
386 395
386 392
386 387
386 402
417 417
525 526
214 395
214 216
214 396
485 499
485 506
485 503
485 486
110 175
110 112
3 5
3 8
305 306
435 436
40 41
40 66
40 46
40 72
40 45
40 154
273 274
24 26
24 28
263 264
336 338
336 476
142 149
79 112
453 456
222 389
222 223
222 393
543 544
69 70
56 74
56 156
538 539
50 74
535 535
392 393
84 85
201 202
443 446
282 283
282 465
491 492
152 153
330 333
330 477
438 441
46 49
46 155
46 69
46 152
553 556
116 117
528 529
354 356
354 359
107 108
400 401
232 233
308 309
488 496
488 491
488 489
488 493
380 382
380 430
326 333
168 173
168 174
71 72
290 292
377 378
34 37
61 62
506 517
506 508
194 204
194 365
178 197
178 179
178 193
517 558
517 524
517 518
367 367
425 428
315 316
188 197
188 189
188 193
258 259
100 101
13 15
13 21
349 350
349 479
81 82
407 408
204 380
204 213
387 388
416 417
219 228
219 230
125 127
125 130
245 247
370 370
2 7
2 314
2 28
297 303
297 305
297 301
297 300
478 479
494 494
468 482
468 475
360 361
510 513
351 357
351 356
351 366
351 352
351 368
262 264
57 74
272 275
272 273
29 172
29 30
29 42
29 151
29 167
31 65
31 32
542 544
98 101
98 105
337 338
337 476
74 139
223 225
138 139
452 453
452 454
191 192
64 65
64 141
143 145
47 66
47 152
47 48
47 58
95 124
95 97
341 343
393 393
89 91
135 199
135 136
552 553
211 212
153 154
283 285
283 463
283 472
283 466
442 443
442 450
248 250
507 525
507 528
507 508
475 481
359 361
366 367
516 558
516 524
516 518
128 133
233 238
233 248
233 240
465 467
327 328
21 60
21 61
21 23
376 389
376 379
376 555
376 485
376 377
376 410
376 396
376 550
376 440
376 534
376 403
376 480
376 437
376 449
255 263
255 257
39 41
39 154
410 414
410 411
185 188
185 191
185 186
318 319
117 119
106 108
199 514
199 356
199 502
199 530
199 444
199 202
199 415
199 212
429 436
280 283
280 465
208 210
547 549
150 209
150 157
150 202
332 333
332 477
457 460
254 255
254 256
184 185
464 465
464 470
267 269
267 418
52 435
52 53
52 237
146 147
498 498
277 280
277 286
474 482
474 475
390 391
431 442
431 439
431 434
226 227
301 302
16 509
16 502
16 17
16 512
7 9
481 484
292 294
292 474
292 293
521 522
413 413
171 173
171 174
171 176
68 69
539 539
134 135
78 79
78 125
78 120
161 164
94 95
230 244
230 231
230 246
402 406
402 407
382 384
236 443
236 438
236 439
236 237
363 364
363 396
363 450
363 418
513 513
421 422
65 66
112 121
112 129
373 374
373 523
373 558
373 485
373 557
373 537
373 493
75 77
502 509
502 512
322 324
322 373
103 105
103 537
10 15
10 21
10 22
439 440
557 561
396 397
140 141
309 314
309 310
220 223
489 490
124 125
529 529
495 496
495 497
447 447
244 252
244 328
179 190
205 206
205 486
42 44
42 175
42 65
531 532
531 534
531 540
531 536
314 316
564 564
286 288
169 171
156 200
156 157
276 277
276 281
147 148
550 551
195 198
424 424
227 228
227 230
333 340
333 349
266 274
189 190
35 37
35 47
259 260
440 441
348 350
456 461
469 474
218 219
53 55
546 562
546 547
546 557
546 551
355 356
355 360
479 483
479 480
28 36
28 29
28 35
412 413
293 296
241 243
241 282
121 128
121 161
139 166
383 384
534 535
403 404
85 93
85 96
17 20
6 26
6 7
6 28
561 561
311 312
99 101
88 535
88 89
113 117
372 563
372 374
372 483
372 433
372 485
372 528
372 540
372 385
372 430
0 41
181 182
512 513
362 364
251 252
25 26
25 28
102 123
102 109
323 324
323 373
461 461
237 238
237 248
237 240
434 455
434 458
434 436
471 473
503 505
484 499
484 506
484 503
484 486
287 288
287 465
304 305
157 160
540 542
540 544
249 250
450 451
358 360
358 359
215 216
215 402
215 403
524 563
524 555
524 548
524 525
524 528
129 163
129 132
129 135
260 263
260 261
131 132
131 135
174 182
174 178
446 447
198 204
198 365
38 71
38 39
556 556
397 400
397 399
345 346
345 478
270 275
270 273
270 271
91 93
91 96
164 165
319 320
43 44
43 142
43 47
530 545
530 558
530 531
530 537
353 353
239 277
239 241
55 56
55 138
55 208
55 150
55 73
221 377
221 223
221 388
436 436
193 196
193 207
193 194
193 205
141 142
33 37
48 49
48 155
335 338
335 476
83 85
405 406
405 407
385 386
385 425
385 437
118 119
526 526
486 488
486 531
486 537
317 322
399 401
306 329
306 337
306 327
306 318
306 307
11 523
11 13
11 526
159 210
159 160
554 556
328 339
328 330
166 380
166 213
420 422
289 293
127 128
127 161
444 446
508 509
508 512
247 252
247 328
176 187
176 177
295 296
295 469
325 351
467 468
264 496
264 562
264 384
264 410
264 481
264 372
264 325
264 527
23 30
23 34
23 43
23 33
23 151
23 63
170 171
505 516
505 508
274 278
274 276
477 479
298 299
298 353
160 166
426 433
426 437
426 427
231 243
231 329
231 337
388 388
115 562
115 116
115 564
229 244
229 231
480 481
300 302
72 208
72 150
72 73
149 207
149 423
149 506
149 457
149 205
149 503
149 166
149 368
149 203
408 408
544 544
454 455
454 458
257 262
520 522
62 64
187 188
187 191
137 138
430 431
202 206
202 204
45 50
45 137
338 340
338 349
97 172
97 110
97 167
97 120
19 20
343 345
391 393
151 152
492 492
281 282
281 318
4 5
4 8
58 66
58 72
536 538
213 374
213 409
213 433
213 385
213 325
261 262
352 353
130 163
130 132
130 135
90 91
234 238
234 249
234 240
437 453
437 438
271 274
541 542
32 49
32 155
32 39
192 197
192 193
451 451
368 370
518 521
518 520
126 127
126 130
460 461
246 247
177 178
470 473
394 395
394 501
394 546
378 388
167 168
167 187
167 177
82 85
487 488
487 507
487 518
284 285
284 463
284 472
284 287
284 466
1 496
1 497
1 9
316 323
316 317
559 561
154 156
307 309
108 123
108 109
250 278
250 251
449 450
180 188
180 186
527 529
415 417
256 263
256 257
186 190
269 275
269 271
310 313
560 561
22 60
22 61
22 23
418 420
279 280
105 123
105 109
549 549
63 64
476 477
144 145
515 522
427 428
427 431
365 448
365 419
365 366
365 505
365 394
224 225
120 121
120 129
120 126
466 471
466 467
73 201
73 74
73 159
240 277
240 241
459 460
375 435
375 377
375 387
375 412
375 530
537 538
342 547
342 343
342 549
203 500
203 453
203 204
203 402
203 403
203 454
14 15
9 172
9 30
9 42
9 151
9 167
96 124
96 97
212 381
212 213
551 553
441 447
493 494
136 389
136 392
136 443
136 438
136 439
136 139
136 358
136 487
