752552
752235
752517
752214
752679
752450
752939
752186
752929
752803
752293
752819
752181
752255
752341
752498
752756
753002
752261
752642
752213
752806
752807
752784
752769
752757
752791
752583
752690
752515
752237
752508
752689
752579
752551
752936
752811
752415
753022
752894
752451
753020
752414
752931
752614
752767
752511
752783
752342
752809
752584
753616
753434
753603
753692
753073
753658
753854
753869
753553
753380
753631
753707
753464
753789
753498
753062
753712
753242
753410
753856
753615
753710
753377
753067
753728
753075
753231
753249
753094
753442
753480
753810
753237
753610
753381
753058
753376
753107
753857
753612
753815
753245
753791
753305
753078
753087
753630
753481
753403
753859
753291
753847
753110
753629
753239
754212
753955
754099
754299
754229
754219
754658
754043
754657
754034
754171
753983
754677
754369
753972
754550
754312
753986
754242
754169
754097
754120
754394
753953
754002
754130
754026
754244
754004
754284
753922
754181
753969
754580
754186
754291
754609
754623
754194
754280
754081
754440
754193
753960
754166
754646
754083
754553
754493
754770
754858
755250
755021
755384
755324
755093
755024
755474
755036
755051
755414
754776
755372
755136
755341
754827
754786
755014
755179
755296
755373
755016
754873
755088
755158
755129
755272
754837
754763
755033
754976
755396
755378
755446
754854
755415
755380
755147
755026
755018
755145
755165
754764
754927
754978
755252
755386
755514
755350
755325
754853
755340
754884
755271
754928
754773
755418
755460
754789
755426
755827
755765
756048
755972
756170
755920
755783
756119
755756
755714
755935
756303
755549
755823
755719
756010
755881
755882
756012
755525
755757
755660
755661
755668
756003
756193
755781
756183
755706
756182
755539
755553
755867
755766
755656
755933
756026
756196
755769
755831
755528
756277
755832
755721
756162
756027
756197
755869
756266
756004
756262
755705
755825
756018
756017
755768
756164
755914
755542
756163
756174
756045
755657
756586
756585
756619
757070
756930
756575
756331
756970
757088
756361
757077
756680
756766
757095
756985
756389
756869
756450
756341
756401
756617
756459
756554
756458
756864
756796
756538
757022
756537
756332
756828
756788
756768
756339
756524
756990
756778
756861
756931
756634
756907
757137
756981
756961
756447
756958
756452
756875
756969
756497
756555
757050
756865
756959
756500
757069
756365
757123
756779
756672
757136
756460
756421
756323
756564
756430
756611
756574
756527
756449
756917
757844
757733
757732
757830
757282
757148
757808
757769
757213
757858
757386
757428
757372
757191
757962
757276
757566
757415
757569
757251
757159
757329
757161
757284
757263
757249
757684
757262
757322
757799
757849
757894
757491
757207
757305
757854
757144
757409
757188
757208
757781
757812
757326
757325
757509
757235
757852
757893
757347
757759
757802
757680
757604
757563
757821
757381
757933
758250
758706
758278
758610
758742
758760
758591
758751
758707
758578
758660
758438
758116
758353
758750
758348
758738
758095
758166
758612
758218
758191
758098
758621
758117
757971
757977
758598
758121
758504
758687
758540
758359
758326
758666
758020
758490
757983
758538
758586
758744
758162
758075
758624
758589
758483
758092
758198
758508
758062
758061
758325
758022
758395
758696
758866
758829
759583
759573
759255
759085
759123
759392
759415
758836
758917
758783
759359
759031
759525
759509
759032
759347
759502
758837
759107
758794
759185
759130
759095
759235
759015
759403
758867
759192
759618
758913
759329
758884
759408
759497
759017
758779
758865
759363
759576
759340
759083
758999
759028
759413
758971
759158
759574
758793
759237
759579
759227
759383
758998
759499
759394
758984
759309
759603
759537
759197
758973
759111
759266
759380
758855
758906
759159
759794
759910
760361
760369
759835
759724
759978
760199
760179
760459
760363
760318
759717
760274
760344
760345
760331
759814
759694
759704
759912
760308
759693
760059
760025
759909
760329
760256
760396
760220
759775
759802
759763
760397
759884
760424
759886
760016
759812
760426
760027
759972
760228
759790
760065
760255
760463
760271
760203
760502
759713
759761
760259
760656
761224
760676
760666
760585
761169
760722
761148
761396
761030
760963
760560
760607
761221
761012
760946
761110
760981
760824
760832
761390
761189
761162
760982
760951
760971
761057
761291
760598
761303
760969
761001
760954
760974
760721
760993
761285
761167
761308
760519
760559
760684
761091
760569
761109
761144
760571
761268
761023
761094
760521
761307
761374
761270
760529
760960
760944
760553
760602
761187
760669
760654
761362
760531
761372
760967
760941
761988
762117
761643
762172
761524
761708
762038
762190
761722
761850
761568
761657
761956
762150
762051
761593
761667
761849
761672
762192
761566
762087
762228
762005
762089
762006
761831
762200
761525
761423
761485
761645
761840
762083
762112
761457
761431
762219
761874
761982
761499
761742
762000
761654
761725
762205
761459
761739
761592
761545
761826
761427
761655
761519
761501
761562
762036
762153
761999
762154
761668
762949
762304
763020
762275
762711
762605
762874
762985
762511
762253
762855
762870
762758
762533
762520
762329
762434
762948
763040
762573
762287
762250
762910
762735
762692
762860
762446
763010
762877
762662
762367
762867
762634
763009
762244
762545
763027
762967
762390
762994
762726
762760
762627
762313
762853
763034
762519
762440
762552
762330
762385
762363
762857
762550
762371
763073
762987
762888
762858
762653
762403
763029
762499
762301
762557
763037
762534
762496
762792
763554
763169
763914
763753
763490
763491
763213
763751
763425
763249
763128
763424
763564
763319
763704
763865
763637
763390
763628
763940
763610
763215
763419
763129
763691
763930
763864
763677
763375
763518
763566
763436
763415
763161
763144
763410
763944
763702
763961
763529
763163
763589
763316
763499
763121
763392
763498
763120
763164
763136
763422
763552
763625
763484
763253
763439
763235
763941
763683
763472
764669
764527
764835
764662
764653
764593
764216
764819
764148
764413
764504
764818
764743
764777
764774
764422
764411
764641
764642
764803
764804
764663
764356
764297
764529
764810
764478
764128
764634
764036
764257
764637
764831
764585
764552
764645
764124
764476
764106
764578
764728
764735
764671
764260
764658
763994
764380
764420
764836
764541
764610
764122
763997
764543
764573
764111
764447
764481
764720
764277
764098
764604
764784
764357
764638
764296
764275
764379
764544
765261
764924
765531
765111
765329
765517
765170
765362
765551
765420
765570
764914
765020
765074
765218
765251
765169
765402
765281
765444
765058
765139
765196
764925
765561
765240
765298
765099
765379
765219
765557
765600
765369
764973
765523
764840
764842
764859
765223
765254
765134
765368
764911
765493
765055
765222
765560
765241
764966
764967
765135
764873
766174
765845
765860
766366
766019
765947
766142
766030
765639
765793
766290
766192
766323
766193
765673
765804
765996
766321
766370
766405
765643
766287
765652
765991
765737
765724
766029
766103
766226
765909
765788
765730
766440
765926
765647
766114
765645
766228
766025
766026
765651
765920
765624
766369
766175
765928
767042
766748
767155
766793
766552
767106
766729
766799
766891
766747
767246
767273
767219
766587
766766
767104
766545
767043
766488
766899
766767
766797
766640
766949
766605
766714
766761
766580
766581
766551
766615
767023
766589
766738
766662
767288
766711
766710
766607
766544
767156
767115
766496
766608
767080
766492
767293
767024
766920
766576
766636
766841
766840
766585
767232
766922
767121
766757
766616
766730
766722
767740
767872
767813
768123
767557
768002
767413
767493
767665
767881
768007
767491
768003
768019
767424
767596
767812
767442
767440
768073
767426
767879
768120
767850
767805
767455
767984
767756
767661
767348
767764
767553
767385
767458
767848
767971
768000
768072
768897
768777
768773
768443
768186
768162
768750
768859
768348
768153
768954
768379
768378
768256
768183
768473
768651
768169
768653
768168
768585
768350
768748
768442
768223
768694
768878
768879
768871
768380
768696
768343
768288
768765
768896
768255
768307
768715
768623
768136
768811
768185
768522
768853
768835
768141
768802
768801
768266
768955
768768
768612
768318
768621
768584
768468
768198
769737
769660
769000
769257
769659
769843
769114
769456
769579
769621
769431
769113
769181
769123
769276
769429
769013
769192
769534
769835
769045
769259
769411
769459
769577
769796
769727
769084
769125
769117
768992
769829
769570
769668
769846
769269
769424
769445
769270
769669
769275
769182
769572
769413
769283
769548
769806
769450
769623
769546
769640
768989
769642
769118
770229
769870
770234
770471
770323
770141
770155
769937
770398
770360
770418
769951
769876
770157
770511
770028
770321
770232
769860
770329
770331
770343
770211
769867
770684
770326
770394
770032
770317
770041
770281
770495
770422
770645
769902
770358
769862
770528
769950
770022
770268
770125
770034
770510
769850
770664
770402
769858
770575
770576
770393
770002
770385
770386
770083
770442
770283
770210
769864
770042
770443
770077
770832
771227
771247
770802
770974
770741
770724
771260
770945
771188
771483
771239
770830
771422
771338
771510
771386
770983
770742
771263
771264
771293
771111
771309
771012
770704
771393
771481
770838
771407
770970
771472
770758
771424
771228
771460
771449
771284
771112
771011
771382
771461
770980
771234
771253
771347
770687
771310
770941
771471
771342
771517
771082
771880
771953
772251
772218
772041
771712
771592
771644
771581
772280
771896
771990
772130
772306
771693
772216
771679
772084
771919
772265
771643
771951
771525
772333
771711
772150
771610
771524
771861
771676
772164
772036
772129
772076
771648
772229
772085
771756
771697
772293
772231
771647
771588
772281
772220
772261
771859
771993
771630
772139
772204
772291
771920
771607
772078
771959
771891
771608
771757
771576
771943
772037
771856
772972
772906
772723
772895
772621
773109
772980
772495
772397
772699
772398
772852
772375
772791
772437
772844
772851
772594
772884
772947
772948
772757
772662
772703
772841
772686
773043
773142
772622
772438
773143
773042
772809
772663
772702
772729
772943
772838
772388
772404
772820
773110
772893
772667
773135
772748
772606
772486
773118
772474
772374
772836
772403
772727
772808
772459
772746
772909
772473
772970
773162
773027
772966
772965
772978
773197
773295
773998
773296
773300
773360
774009
773894
773623
773888
773604
773375
773932
773281
773996
773899
773823
773621
773669
773822
773916
773730
773933
773982
773516
773737
773378
773770
773493
773602
773356
773355
773467
773884
773301
773481
773837
773898
773479
773332
773497
774010
773914
773743
773269
773987
773732
773948
773994
773667
773742
773769
773525
773560
773374
773508
773470
773334
773836
773362
774383
774729
774535
774679
774167
774552
774809
774808
774341
774328
774037
774473
774049
774555
774440
774403
774663
774681
774184
774671
774730
774036
774680
774490
774342
774052
774332
774285
774544
774211
774472
774787
774046
774180
774805
774224
774221
774675
774755
774454
774382
774726
774637
774305
774047
774282
774218
774432
774727
774762
774696
774657
774275
774276
774695
774635
774533
774839
774838
774908
775548
775343
774858
775429
775523
775047
775241
775578
775293
774929
775621
774876
775292
774905
775133
775351
775141
775427
775249
774958
775547
775631
775456
775589
775508
775432
775525
775372
775458
774971
775118
775046
774862
775467
774901
774902
775469
775416
774932
775330
775139
775433
776346
775665
776042
776041
776454
776076
776464
776014
776456
776414
776218
776003
775664
776442
775729
776314
775921
775887
776033
775669
775708
776066
775668
775989
776057
776090
776284
776026
776247
776422
775958
775959
776195
776052
776444
775914
776062
776457
775833
775891
776029
775919
776270
776092
775714
775995
775724
776038
776108
776407
776269
775910
775915
776214
776049
775774
776107
775975
776008
776449
776868
776587
776769
777272
776496
776995
776698
776635
777211
776872
777240
776858
776634
777111
776495
777260
776749
776699
776900
776623
777097
776556
777148
776869
777259
776753
777126
776572
777136
777131
776557
776597
776873
776568
776906
776901
776688
776687
776511
777302
777095
777135
776622
776569
777174
776941
776986
776599
776904
776719
776586
776639
776537
776981
776973
777942
778153
777448
777926
777965
778098
777541
777980
778116
777483
777778
777666
777665
777656
777373
777542
777434
777944
777371
777960
777446
777894
778121
777415
777332
777658
777985
777485
777551
777646
777886
777330
777931
777907
777517
777554
777435
777549
777460
777945
777947
777336
777413
777772
777648
778061
777993
777581
777779
778160
777618
778742
778232
778266
778759
778925
778751
778204
778666
778872
778360
778744
778918
778399
778354
778608
778681
778668
778364
778731
778180
778241
778242
778298
778788
778732
778636
778533
778625
778698
778749
778917
778237
778463
778283
778634
778973
778748
778306
778789
778258
778451
778921
778459
778868
778178
778620
778270
778489
778357
778738
778465
778595
778713
778673
778414
778398
778694
778256
778301
778675
778519
778206
778622
778867
778736
779649
779810
779581
779816
779137
779405
779114
779404
779235
779728
779650
779563
779139
779026
779086
779757
779299
779116
779184
779532
779185
779008
779329
779815
779449
779718
779666
779693
779302
779751
779756
779179
779180
779437
779332
779454
779691
779763
779806
779562
779004
779439
779307
779665
779708
779533
779177
780085
780058
780648
780291
780293
780181
779992
780689
780145
779908
780294
780650
780283
780222
780061
779972
780370
780036
780233
780558
780295
779892
780428
780286
780157
780343
780170
780147
780630
780148
780055
780198
780087
780068
780582
780179
780644
779957
780507
780039
780425
779959
780628
780137
779995
780070
780200
780080
780218
780040
781389
780969
781143
781202
781394
780974
781300
780866
781199
781144
781063
780867
780875
781114
780938
781353
781081
780703
780939
781074
781250
781319
781418
780879
781440
780920
780708
781219
781029
781299
781058
781467
780805
781060
781390
780902
781190
781239
780807
780929
781249
781282
781223
781283
781396
781160
780975
781080
780873
781241
780808
780904
781370
781889
781612
781918
781739
782324
781946
782035
782103
781689
781653
782261
782322
781948
781868
781797
781796
781917
782075
781736
781770
782121
781686
781838
782330
781720
781611
782039
781908
782029
781596
781864
781943
782106
781863
782084
782326
782090
782263
781669
782085
782037
782305
781713
781502
782338
782318
782079
781933
781676
782041
782288
782122
781496
782758
782702
783052
783003
783141
782908
782600
782703
782414
782787
782469
782877
783000
783143
782894
782812
782462
782417
782612
782906
782709
783063
783128
782373
782415
783027
782699
782882
782834
783092
782706
782962
783077
783093
782999
782943
782370
783136
782961
782785
782420
782940
782465
782599
782997
783097
782884
782505
782614
782577
783107
783039
783790
783187
783193
783656
783422
783491
783904
783668
783719
783416
783228
783285
783862
783635
783592
783657
783845
783515
783495
783241
783425
783426
783583
783728
783208
783209
783607
783360
783362
783561
783824
783713
783924
783647
783905
783247
783580
783315
783242
783423
783608
783633
783236
783781
783919
783898
783227
783712
783780
783726
784233
783962
784397
784352
784743
784282
783941
784682
784231
784178
784197
784666
784335
784661
784680
784617
783956
783944
784358
784619
784392
784727
784504
783951
784199
784123
784514
784422
784041
784336
784001
784039
784172
784195
784723
783949
784144
784078
784112
783963
784194
784394
784281
784510
784000
784059
784502
784206
784027
784490
784058
784118
784711
784181
784146
784716
784450
784324
784538
784449
783977
784079
784530
783952
784204
784489
784624
785262
785007
785415
785425
785476
785040
784896
785230
785422
784789
785002
785368
785450
785636
784897
784913
785366
785060
785530
785061
785284
785495
784985
785455
785491
785153
785552
784796
784788
785130
785453
785235
785364
784800
784970
785129
785210
785469
785651
785416
785650
785134
785237
785157
784832
785038
785164
785529
785012
785467
785214
785274
785577
785138
784965
785229
784831
784906
785183
785595
784982
784777
785005
785247
784778
786222
785742
786072
786163
786239
785730
786073
786017
786086
786385
785741
785839
785864
786338
786230
786244
786069
785935
786196
786401
785732
786076
786047
786161
786089
786342
785727
785726
786319
786344
786131
786068
786081
785924
785949
786245
785951
786120
786049
785826
786365
786227
785753
786361
786314
786750
787303
787125
787109
786878
787267
786872
787097
786848
786461
787144
786631
787143
787118
786699
786435
786910
787200
786493
786526
787304
787043
786820
787117
786748
786492
786935
787012
786583
786771
786772
786709
787229
786895
786650
787252
787060
786463
786584
787107
786976
787179
786847
787243
787122
786652
786548
786436
786530
786724
786663
787297
786458
787273
787287
786490
787212
786694
786619
787315
786457
786903
787288
787272
787299
786912
786585
787181
786547
786936
787472
787364
787421
787374
787698
787611
788108
787475
788109
787778
787428
787589
787835
787402
787503
787914
788078
787890
787359
787689
787777
787375
787661
788011
787766
787500
787541
787833
788118
787372
787537
787883
788005
788063
787690
787506
788092
787507
787469
787604
787610
787354
787852
787683
787663
787353
787759
788042
788003
787605
787545
787436
787715
787592
788012
787814
787486
787837
788043
787944
787369
788115
788062
787908
787764
787407
787805
787972
788457
788142
788301
788164
788266
788964
788884
788355
788259
788135
788236
788138
788234
788728
788356
788282
788754
788345
788264
788713
788797
788830
788308
788808
788961
788957
788498
788891
788944
788945
788411
788145
788442
788390
788423
788633
788956
788491
788157
788402
788162
788704
788593
788262
788644
788348
788868
788186
788155
788214
788725
788829
788707
789268
789413
789685
789550
789414
789427
789715
789517
789094
789348
789384
789739
789269
789659
789802
789439
789238
789708
789090
789239
789709
789199
789536
789537
789387
789664
789194
789589
789083
789010
789742
789393
789203
789418
789432
789008
789475
789752
789846
789211
789716
789643
789837
789204
789189
789662
789480
789324
789687
789218
790228
789903
790672
790280
789962
790080
790282
790693
790410
790005
790639
790675
790101
790358
790395
789989
790694
790357
790283
790598
789900
789860
790414
790394
790097
790226
790674
790435
790476
789963
790667
790535
790564
789938
790081
790058
790060
790436
790671
790643
790124
790520
790382
790123
790265
790677
790416
789966
790343
790542
790458
789861
790378
790545
790523
790668
789937
790263
791566
790843
791381
790774
790758
790723
790885
791349
790800
791387
791492
791199
790962
791433
791360
790832
791351
791450
790912
791382
791361
791159
791003
791067
790884
790959
791479
790775
790802
791319
791105
791128
791023
790707
791130
791126
791204
790994
791219
791535
791066
791176
791277
791547
791512
791408
791557
790787
791484
791507
791493
790902
791158
790835
791206
790751
791534
790812
791174
791363
791129
790704
790862
791511
790719
791818
791875
792334
792017
792037
791623
791913
791677
791771
791770
791762
792175
792216
792269
792392
791725
791944
792133
791670
792101
791819
791706
791630
791959
792296
791894
791775
791990
792322
791767
792174
791778
791666
792206
792232
792040
792020
791605
791915
791972
791768
791584
791681
791680
791586
792382
792360
791759
792062
791932
792137
791669
792117
791791
792343
792200
792201
792272
792202
792116
791705
792042
791656
791729
791793
791877
792105
791757
792129
792331
792723
793151
792443
792734
792754
793267
793025
792639
793154
793258
793224
792957
792405
793216
793142
793152
793089
792740
792437
792406
792598
793200
793097
793059
792463
793256
793207
793171
792553
792644
793237
792516
793160
793159
793299
793026
792647
792868
793293
792755
792559
793002
793295
792733
793067
793066
793167
792395
793183
793055
792479
793102
792554
792520
792519
792421
792397
793137
793214
792523
792706
792877
793168
793000
792729
792422
793381
794039
793695
793889
793972
794096
794072
793546
793539
793692
794067
793947
793644
793709
793994
793675
793986
793880
793584
794097
793304
793633
793944
793316
794031
793885
793857
793504
794068
794007
793317
793824
793651
793700
793604
793822
793303
793634
794631
794279
794539
794451
794935
794663
794837
794838
794876
794933
794385
794870
794190
794869
794551
794455
794804
794185
794828
794673
794447
794752
794909
794765
794519
794281
794723
794865
794608
794271
794609
794908
794565
794176
794457
794857
794858
794303
794387
794918
794800
794644
794205
794766
794132
794295
794829
794757
795016
795331
795244
795025
795177
795202
795330
795472
795096
795227
795273
795210
795528
795257
795317
795494
795668
795174
795173
795466
795094
794995
794942
795453
795417
795689
795260
794986
794996
794939
795391
795245
795213
795099
795315
794980
795367
795031
795369
795121
794943
795316
795223
795492
795052
795021
794945
795119
795090
795723
795724
795100
794949
795451
795416
795667
794979
795539
796364
796106
796281
796368
795858
795881
796349
795748
795769
796343
796172
796227
796097
796167
795778
796017
796216
795965
796355
795968
795745
795832
796206
796558
796288
796071
796179
796105
796164
795880
796433
796175
795779
796512
796163
795764
796218
796088
796008
796267
796010
796346
796316
796018
795963
796353
795814
795980
796101
796566
795990
796052
796315
796513
796289
796060
796392
795998
796567
797299
796964
797047
796977
797092
796936
796703
797004
797118
797305
797141
797366
796937
796780
797005
796902
797304
796763
797201
797035
797352
797257
797215
796725
797411
797091
797417
796963
797069
797259
796702
797239
796776
797050
796716
796737
797142
796971
797412
796674
797041
796970
797033
796765
797145
796940
796630
797290
796736
797071
797279
797164
797351
796777
797156
797378
797146
797013
796863
797058
797297
797360
796631
797291
797446
797874
798194
797455
798062
797780
797702
797803
797587
797673
797577
798180
797721
798175
797968
797597
797693
797509
798190
797619
797632
797733
797578
798007
797971
797651
797606
798192
797424
797643
798237
797482
797421
797811
797945
797797
797891
797796
798139
798025
797722
797485
797504
797746
797527
797470
797699
797459
797460
798262
797622
798176
798137
798003
798263
797878
797749
798208
797652
797492
797473
797638
798024
798538
798547
798791
798409
798421
798990
799094
798915
798352
798294
798719
799093
798302
798689
798305
798955
798895
798525
798394
798713
798354
798410
799047
798474
798618
799057
798698
798969
798881
798882
798320
798721
798741
798709
798692
798789
798508
798418
798284
798287
798449
798724
798318
798817
798566
798475
798622
798903
798493
799031
798953
798820
798675
798536
798510
798282
798815
798672
798991
799292
799748
799656
799725
799139
799152
799588
799458
799887
799294
799626
799736
799173
799457
799820
799252
799760
799828
799888
799585
799375
799577
799778
799166
799542
799923
799608
799380
799905
799209
799817
799733
799451
799267
799884
799574
799657
799168
799776
799535
799537
799726
799761
799786
799883
799783
799863
799538
799454
799211
799136
799179
799339
799576
799903
799268
799913
799249
799218
799740
799338
799977
800410
800228
800165
800662
800583
800630
800740
800166
800308
800634
800179
800190
800004
800739
800358
800628
800367
800409
800689
800311
800116
800671
800354
800687
800225
799981
800670
800585
800696
800422
800427
800695
800252
800355
799998
800509
800245
800970
800765
800766
800942
800874
801324
801314
801245
801246
800795
801161
801455
801349
801260
801017
801487
800812
800779
801344
801158
800902
801500
801590
801389
801296
801187
800801
801312
801108
801188
801435
801329
801391
801146
800814
801157
801358
800877
801209
801434
801502
800946
801270
801211
801479
800920
801345
801285
800918
801261
800870
801422
801287
801109
800857
801203
800800
801023
801306
801509
801443
800973
801424
801166
801804
801727
802003
802019
801833
802302
802301
801793
801989
801781
801746
801834
802375
802164
802380
802248
802267
802156
802332
802174
802247
802032
802176
802421
801752
801726
802262
801898
802420
802316
801822
802376
801649
801790
802046
801639
801800
802391
802198
801615
801604
801895
801637
802158
801647
801759
801731
801788
801610
802195
802029
802372
801660
802263
801605
803211
802961
803093
803120
802672
802665
802962
802994
802682
802752
802532
802625
802931
802864
802891
802712
802673
802525
802579
802923
802667
802547
802996
802867
802546
803210
802878
803198
802627
802534
802826
802906
803022
802857
802541
802819
803155
802827
802805
802965
802877
802855
802570
802854
802705
802959
802543
803162
802679
802568
802697
802593
802824
802988
803480
803590
803507
803734
803802
803627
803294
803350
803726
803978
803710
803521
803341
803558
803248
803416
803922
803654
803293
803528
803870
803736
803888
803217
803651
803628
803313
803570
803525
803264
803905
803531
803757
803777
803788
803918
803492
803656
803894
803316
803727
803936
803770
803692
803308
803339
803696
803613
803883
803246
803820
803915
803991
803833
803545
803419
803574
803797
803913
803216
803592
803751
803740
804013
804644
804421
804284
804335
804768
804238
804026
804473
804794
804077
804524
804785
804056
804842
804417
804763
804783
804141
804532
804567
804555
804207
804839
804080
804476
804249
804169
804419
804118
804409
804726
804669
804626
804412
804682
804767
804625
804756
804231
804380
804050
804337
804427
804098
804425
804517
804051
804282
804838
804256
804834
804642
804113
804204
804143
805395
805448
805659
805101
805403
805045
805487
804968
805094
805408
805222
805286
804913
805172
804975
805251
805180
805665
804861
805390
805324
805612
805281
805396
805539
804989
805201
805254
804979
804857
805596
805669
805633
805670
805538
805092
804983
805440
805439
805674
805589
805388
805217
805646
804934
805277
805065
805091
805196
805618
805645
804986
805637
805067
805096
805386
805323
805450
805595
805236
804922
805591
805465
805462
805278
805237
805218
805245
805290
806468
805793
806316
806460
805805
806158
806506
805883
806090
805727
805762
806130
806385
805774
805678
806277
805951
806466
805874
806313
806361
806114
806533
805835
806497
806227
806088
806274
805941
806166
805722
805723
806001
805781
805877
805726
806092
805715
805851
805904
806452
805684
806002
805782
805932
805848
805933
806403
805796
806079
805718
805813
806327
806387
806103
806185
806163
805894
805785
806496
806357
805821
805887
806454
806081
806323
805683
805751
805769
806184
806668
806699
807273
807094
807222
807291
806696
806861
807272
807351
807139
807088
806697
806664
806822
807087
806876
806772
806583
806893
806855
807025
806649
806712
807120
806745
807004
806864
806982
807103
806572
807181
807105
807034
806693
806956
806958
807072
806884
806819
806988
806875
807217
807256
806732
806571
806856
807336
808106
808184
807916
807735
807876
807422
808074
807725
807619
807580
807517
807901
807682
807918
807423
807581
807953
807776
807795
808039
807503
807379
807390
807625
807754
807849
807998
807753
807406
807466
807519
808195
807816
807457
808032
807617
808100
807818
807750
807467
808171
807444
807715
807399
807435
808000
807977
808101
807446
807800
807679
808023
807803
808168
808073
807439
807397
808152
807709
807974
807701
807957
808855
808891
808389
808806
808963
808834
808990
808216
808367
808530
808555
808895
808804
808682
808712
808925
808387
808893
808933
808982
808983
808533
808267
808875
808832
808585
808217
809022
808648
808805
808554
808894
808966
808792
808209
808351
809015
808272
808888
808988
808914
808393
808513
809023
808949
808320
808762
808547
808795
808250
808372
808940
808715
808889
808841
808646
808208
808390
809931
809063
809791
809762
809739
809256
809681
809117
809118
809485
809306
809301
809238
809793
809705
809484
809241
809756
809161
809255
809674
809425
809561
809059
809218
809157
809119
809401
809353
809656
809351
809060
809825
809834
809136
809455
809087
809086
809509
809081
809763
809625
809390
809328
809707
809736
809083
809040
809174
809265
809502
809932
809121
809575
809827
809420
809569
809458
809388
809659
809214
809329
809171
809747
809499
809427
809139
809038
810146
810242
810479
810047
810301
810619
810077
810660
810496
810727
810170
810026
810348
810341
810339
809988
810302
810257
810135
809973
809958
810297
810612
810480
810005
810730
810094
810167
810081
810076
810259
810046
810728
810636
810492
810347
810613
810102
810663
810158
810215
810509
810537
810521
810382
810551
810089
809972
810706
810100
810324
810214
810734
809957
810141
810298
810012
810039
809978
810638
810306
810122
809986
810866
810919
811055
811258
811324
810806
811033
811241
810764
811203
811073
811179
811242
811253
811065
811031
811491
810985
811511
810946
810925
810776
811238
810987
811261
811226
811383
810981
811384
811219
811180
811417
810830
810831
811068
811323
810847
810950
810803
811263
811246
811416
810893
811457
810983
811458
811051
810832
810772
810895
811017
811107
810777
810920
811343
812173
811913
812047
812163
811639
811594
811518
811743
812226
812227
811605
811878
811725
811740
812256
811991
811733
812131
812225
812212
811721
812123
811711
812319
812024
811877
811722
812015
811922
811997
811734
811690
811799
812121
811907
811786
811692
811598
812016
812110
811641
812135
812017
812239
811787
811767
812174
811710
811588
812164
812924
812338
812498
812455
812874
812639
812636
812552
812966
813050
812935
813138
812418
813087
812992
812393
812934
812647
812875
812787
812600
812721
812991
812765
812550
812457
813064
812817
812499
812556
812555
812419
812773
812646
812337
813139
812714
812910
812818
812960
812911
812684
812746
812390
813183
813842
813226
813530
813250
813198
813153
813919
813843
813188
814017
813409
814008
813884
813845
813520
813707
813930
813656
813195
813359
813804
813328
813784
813747
814018
813604
813179
813228
813738
814013
813703
813253
813471
813251
813327
813149
813693
813921
813394
813561
813909
813927
813321
813386
813277
813357
813246
813817
813586
813785
813418
813714
813178
813194
813278
813673
813906
813408
813254
813146
813977
813617
813880
813729
813468
813742
813199
813190
813675
813734
813818
813593
813221
813395
814151
814782
814111
814880
814872
814159
814167
814285
814693
814856
814468
814466
814425
814842
814284
814574
814050
814548
814049
814438
814382
814471
814795
814464
814722
814886
814549
814048
814434
814143
814142
814423
814347
814878
814606
814604
814476
814568
814103
814070
814612
814117
814718
814446
814166
814571
814162
814585
814138
814346
814123
814122
814071
814836
814095
814376
814841
814139
814774
814885
814316
814776
814094
814426
814676
814153
814696
814583
814054
814719
814914
815659
814915
815690
815193
815428
815191
815445
815290
815112
815542
815602
815444
815714
815532
815481
815237
815238
815429
815688
815280
815359
815406
815270
815083
815189
815436
815006
815717
814990
815636
815361
815105
815111
815407
815470
815097
815231
814989
814977
814978
815635
815757
815571
815616
815301
815573
815468
815383
815762
815482
815254
816316
815835
816105
816164
816460
816029
816317
816405
815865
816190
816355
816539
815975
816249
816250
816529
816530
815999
815984
816101
815836
816106
816368
816031
815853
815946
816130
815827
815961
816227
816128
816165
815952
815803
815979
816369
816488
815821
816302
815849
815773
815951
815962
815998
816354
815862
815802
816035
816364
815820
815854
815932
816486
816517
815869
816303
816427
816398
815875
815934
816820
816963
817021
817256
817340
816881
816664
817114
817349
817255
816979
817061
817064
817029
817117
817318
816970
817285
816957
816707
816811
817233
816697
817268
817009
816879
817127
816986
817229
816882
816968
816768
817066
816737
817193
816647
816705
816818
816819
817339
816945
816701
816682
816802
816703
816738
816804
816684
816573
816700
816586
816618
817222
816914
816600
817267
816765
817194
816883
816571
816601
816822
816582
816912
818098
817675
818006
817882
818165
817409
817521
817959
817748
817397
817790
818105
817396
817708
818025
817628
818133
817388
818004
817897
817789
817661
817606
817488
818035
818113
818078
817888
817949
817410
818136
817605
817437
817899
818164
817960
817680
818152
818031
817359
817667
818009
817996
817486
817997
817891
817637
817709
817965
817438
817404
817788
817391
818151
817905
817677
818079
817807
817492
817679
817476
817453
817454
818001
817508
817360
818020
817750
817883
818111
818913
818838
818859
818775
818765
818622
818653
818344
818205
818818
818961
818827
818346
818729
818306
818204
818335
818247
818840
818216
818200
818892
818950
818503
818208
818249
818791
818623
818798
818855
818303
818400
818946
818806
818945
818343
818854
818500
818606
818507
818474
818788
818348
818472
818477
818807
818321
818831
818815
818192
818923
819705
819151
819848
819729
819223
819454
819143
819808
819127
819745
819372
819110
819025
819038
819039
819767
819097
819204
819201
819158
819742
819235
819851
819293
819559
819236
819827
819189
819704
819376
819120
819782
819593
819323
819435
819765
819332
819198
819331
819595
819534
819029
819759
819142
819278
819203
819241
819157
819371
819683
819439
819830
819740
819562
819196
819225
819087
819555
819324
819506
819505
819273
819536
820345
820488
820182
820141
820105
820157
820483
820273
820220
820131
820525
820427
820154
820120
820100
820595
820484
820222
820669
820071
820397
820282
820287
820343
820047
820275
820240
820252
820048
820459
820125
820208
820460
820430
819901
820560
820168
820207
820174
820031
820576
820077
819973
820248
820099
820618
820675
820433
820169
820204
820527
820290
820425
820129
819881
820638
820562
820079
820118
820032
820619
820494
820249
820443
819975
819902
819922
820432
820577
820593
821243
820718
820701
820999
821467
820897
821039
820719
820916
820820
821339
821196
820935
821465
821244
821457
820704
820813
821009
820995
821170
821035
821425
821202
820938
820899
820784
820997
820949
820922
821251
820971
820972
820808
821419
820793
820989
821505
821223
821491
821288
821388
821289
821381
820723
821304
821249
821436
821472
820697
820694
820792
821011
821333
821462
821461
820724
821654
821670
821611
821600
821902
821622
821538
821745
822294
821709
821782
821923
821892
821525
822307
822390
822101
822050
822119
822164
821583
821608
821651
821711
822246
821540
822162
821598
821599
821613
821785
821678
822391
821752
821927
822062
821781
822189
821893
822114
822126
821770
822074
821594
821585
822064
821612
821769
822309
822047
821755
821523
821635
821715
821969
821704
822854
822411
822450
822802
822542
822563
822884
822625
822788
822924
823030
822398
822700
822795
822858
822995
822481
822480
822616
822600
822991
822695
822864
823059
823049
822541
822561
822647
823102
822648
822703
823104
822412
822961
822904
822697
822533
823061
822502
822518
823075
822862
822997
822532
822431
822821
822906
822548
822822
822623
822519
823155
822508
822425
823126
822454
822598
822753
823510
823606
823189
823944
823349
823367
823726
823406
823287
823577
823390
823191
823747
823746
823840
823776
823864
823369
823270
823952
823346
823490
823855
823356
823579
823394
823404
823800
823839
823342
823723
823856
823386
823649
823750
823283
823929
823355
823742
823399
823928
823193
823511
823804
823959
823753
823951
823803
823799
823744
823611
823195
823491
823958
824467
824468
824141
824131
824612
824672
824657
824101
824695
824063
824071
824133
824581
824337
824104
824145
824626
824220
824128
824618
824617
824065
824768
824098
824639
824185
824184
824340
824270
824279
824567
824794
824613
824345
824578
824577
824140
824634
824177
823995
824230
824241
824429
824095
824765
824284
824331
824330
824060
824059
824615
824714
824580
824715
824699
824674
824641
825453
824930
825360
825359
824979
825402
825136
824839
824854
825183
824817
825135
825068
824943
825332
824816
825044
825313
825103
824859
825177
825198
825221
825051
825228
825055
825253
825101
825241
825356
825454
825511
824851
825509
825355
825142
825243
825210
825043
825580
825184
825442
825321
824973
826302
825919
825886
826031
825667
825624
826186
825626
826164
826210
826214
825764
826325
825658
825656
826085
825995
825669
826025
826212
825723
826428
825871
825590
825591
826192
826367
825616
825885
825701
825762
826207
825611
826461
826180
826389
825614
826336
826193
826338
826440
825996
826320
826431
825849
825612
825710
825890
826095
826209
826462
825879
825846
826161
825793
826532
827011
827007
827148
827157
826544
826671
826730
827147
826767
826738
826718
827116
826577
826857
827246
826672
826484
826885
826828
826965
826747
827155
826982
826735
827005
826724
826753
826734
827010
826557
826870
826692
827154
826921
826822
826485
826884
827263
826832
826558
826764
827244
827163
826535
826877
826537
827047
826741
826998
826781
827026
826694
826744
826834
827264
826829
826792
828092
827974
827284
827510
827997
827509
827799
827736
827608
828049
827989
827680
827335
827738
827631
827961
827327
827975
827879
828099
827363
827660
828087
827347
827540
827630
827798
827699
827860
827682
827281
828014
827460
827448
827968
827992
827877
828017
827318
827868
827361
827598
827542
827701
827870
827524
827375
827599
827374
827662
827348
827714
827458
828033
828740
828301
828545
828343
828342
828757
828652
828222
828264
828629
828630
828701
828478
828348
828106
828150
828251
828558
828488
828542
828280
828885
828355
828302
828477
828281
828650
828895
828786
828684
828232
828323
828356
828443
828876
828114
828291
828741
828164
828776
828116
828791
828241
828351
828185
828917
828125
828500
828946
828109
828792
828253
828850
828648
828503
828668
828330
828955
828186
828685
828452
828163
828331
828835
828945
828894
828880
828438
828489
828560
828324
828112
828337
828639
828640
828216
828461
828239
828155
828451
828918
828754
829590
829662
829260
829176
829646
829193
829292
829022
829690
829319
829377
829135
829482
829311
829052
829406
829394
829030
829689
829219
829716
829100
829638
829201
829099
829143
829160
829294
828996
829326
829395
829663
829178
829133
829040
829338
829150
829748
829165
829003
829023
829182
829488
829001
829404
829669
829541
829670
829691
829591
828992
829538
829016
829151
829285
829324
829202
829274
829282
829095
829183
829146
829335
829574
829745
830054
830011
830122
829971
830261
830522
829777
830211
830201
830089
829909
830543
830277
829885
830262
830639
829937
830591
829869
829892
830088
830344
829916
830181
829944
830203
829768
829807
829959
830184
829803
830516
830197
830119
829967
830640
829754
829831
830519
830144
830514
829910
829759
830270
829802
829963
830353
830027
830345
829771
830204
829873
829915
829969
829952
829758
830046
830147
830779
831263
831160
830810
831072
830665
831431
830749
831443
830911
831419
830939
831149
831114
831167
830796
831259
831166
831143
831195
830903
831272
830753
831093
830980
831411
831112
830999
830931
831191
830761
831222
831079
830663
830917
831223
831416
831148
830900
830918
831045
830743
831382
830990
830976
830975
831461
830657
831354
830762
830882
831472
830793
831276
831459
831162
830658
831447
830769
831193
832041
832311
831529
832276
831928
832082
831767
831738
832009
831652
831945
831487
831681
831618
831968
831680
831518
831875
831927
831947
831502
831690
831494
831552
831654
832095
832167
831551
831604
831599
832040
832166
832249
831633
831781
831628
831675
831607
831546
831673
831800
831864
831508
831519
832180
831830
831547
832057
832111
832144
832085
831980
832046
832110
831495
832270
832008
832047
832058
831881
831506
832065
831676
831916
832325
832787
832512
832975
832995
833028
832363
832402
832747
832553
832381
832978
833057
832558
832914
832948
832618
832349
832748
832509
832595
833003
832438
832354
832390
832745
832502
832598
832404
832520
832435
833018
832665
832737
832974
833019
832982
832554
832918
833059
832513
832364
832668
832378
832789
833081
832348
832416
833169
832408
833080
832917
832949
832620
832415
832791
832662
832792
833265
833736
833499
833897
833615
833962
833763
833998
833753
833669
833585
833368
833530
833725
833870
833735
833724
833744
833969
833414
834003
833489
833431
833397
833343
833766
833207
833459
833657
833886
833532
833561
833204
833748
833614
833680
833874
833612
833865
833780
833566
833973
833625
833342
833577
833418
833480
833412
833793
833685
833526
833507
833496
833528
833658
833576
833398
833267
833362
833740
833992
833864
833525
834689
834219
834225
834475
834306
834035
834054
834344
834328
834320
834584
834606
834046
834007
834449
834690
834220
834630
834229
834592
834839
834808
834611
834318
834727
834300
834465
834563
834587
834044
834180
834198
834483
834301
834438
834806
834356
834559
834323
834190
834310
834433
834640
834585
834043
834169
834167
834432
834440
834578
834210
834676
834547
834179
834557
834197
834721
834463
834545
834188
835486
835236
834962
835570
835100
835131
835596
835501
835470
835208
835586
834937
835443
835442
835641
835309
835584
835196
834949
835169
835229
835170
835300
834865
834881
835636
835510
835032
835599
835531
835298
835365
834880
834892
835037
835195
835546
835439
835232
835494
834966
835487
835237
835595
835366
834988
835436
835295
835163
835635
835513
834956
835580
835048
