752225
752184
752622
752528
752761
752867
752868
752977
752620
752639
752316
752827
752499
752295
752279
752711
752736
752286
752763
752398
752346
752442
752277
752334
752708
752830
752743
752503
752822
752175
752740
752924
752825
752824
752379
752426
752956
752992
752706
752907
753005
752463
752525
752383
752878
752831
752288
752171
752300
752270
752854
752424
752954
752317
752338
752434
752176
752704
752328
752465
752269
752479
752350
752866
752232
752635
753194
753040
753818
753408
753750
753105
753211
753633
753510
753081
753224
753736
753601
753749
753808
753606
753333
753039
753512
753570
753546
753581
753335
753428
753436
753797
753266
753257
753539
753450
753466
753364
753205
753583
753386
753740
753219
753831
753362
753050
753796
753578
753049
753256
753198
753525
753476
753608
753416
753222
753653
753208
753470
753599
753149
753526
753192
753150
753784
753785
753190
753200
754053
754562
754529
753886
754601
754203
754359
754443
754104
754056
754532
753923
754540
754127
753880
754342
754573
754137
754606
754542
754103
754061
754340
753924
753891
754357
754445
754071
754205
753994
754271
754063
754538
753878
754101
754223
754028
754115
754602
754059
753890
754216
754561
754468
754545
754644
754221
754093
754030
754543
754136
754508
754178
754177
754585
753887
754321
754113
754546
754311
754316
754039
754470
754949
754860
755151
755210
755100
755257
754900
755079
754890
754911
755439
755215
755181
755073
754717
755246
754895
754896
755119
755227
755294
755241
755261
755289
755101
755126
755150
755209
754822
754901
754940
755259
755239
755087
755214
754910
754893
755274
755188
755375
754892
755031
754824
754945
754999
756290
755689
756063
756190
755708
755609
755926
756185
755709
755536
755927
755991
755727
755548
755922
755728
755642
755701
755557
756230
756299
755591
755736
755605
756075
756110
756050
756187
755917
755966
755612
756178
755962
755685
755961
755889
756125
755864
755967
756052
755627
755573
755535
755572
755862
755738
756113
755760
755702
755623
756696
756462
756463
756833
756815
756608
756547
756615
756369
756841
756706
756489
756924
756411
756568
756842
756545
757085
756356
756745
756998
756700
756697
756567
756922
756702
756733
756993
756594
756732
756346
756934
756693
756410
756813
756836
756741
756803
756487
756593
756656
756877
757033
756534
756720
757083
757056
756999
756603
757907
757572
757797
757675
757703
757741
757293
757181
757543
757826
757790
757719
757177
757438
757334
757743
757574
757713
757202
757182
757598
757313
757691
757856
757795
757597
757704
757289
757860
757365
757755
757723
757647
757673
757822
757561
757633
757728
757295
757534
757643
757169
757553
757361
757335
757957
757634
757752
757665
757690
757308
757658
757914
757861
757316
757172
758556
758308
758328
758351
758307
758003
758313
757987
758713
758534
758342
758101
758752
758485
758059
758375
758034
758035
758305
758002
758574
758049
758100
758073
758391
758230
758338
758154
758350
758070
758512
758051
758384
758736
758270
758366
758052
758347
758038
758272
758757
758386
758324
758315
758335
758572
758756
758427
758259
758297
757988
758346
758284
759492
759220
759135
759422
759101
759104
758834
758959
759262
758991
758910
759598
758894
759152
759090
758916
758859
759051
758992
759072
759587
759313
759222
759153
759232
758844
758920
759585
759623
759291
759419
759180
759249
758850
758903
758907
758873
758902
759049
759516
759186
759167
759175
758960
759411
758870
759168
758893
758863
759137
758942
759350
759351
758831
760045
759852
759767
759771
760403
759755
759902
759673
760280
760239
759640
760092
759664
759687
759860
759988
760443
760031
760485
760128
760252
759797
760263
760020
760076
760090
760454
759945
759824
759666
760111
760442
760077
759992
759685
760130
759820
760429
760145
759866
759926
760160
759987
759653
760158
759855
759774
759676
759986
759867
760279
760240
760066
759639
760373
760041
759904
759818
760287
760249
759658
759691
759870
760147
759780
759778
759924
760372
759645
759644
760034
760161
759660
760643
760979
761055
761217
761360
760698
760595
761080
760688
760849
760869
761106
761088
760848
760921
760801
760707
760815
761326
760686
760852
761116
761115
760556
760555
760853
760870
760976
760895
760564
760858
760878
760797
760798
760877
760726
761178
761211
760912
760662
760800
761180
761331
761047
760562
760727
760911
760647
760648
761276
760795
760664
760813
761661
761882
761797
761901
761923
761541
761889
761573
761578
761510
761790
761995
761458
761791
762061
761542
761729
761801
762179
761966
761897
761617
761993
761474
761606
762114
762177
761914
761913
761756
761490
761758
761828
761491
761733
762055
762183
761452
761674
762194
761806
761416
761904
761809
761420
761602
761597
761450
762195
761967
761803
761676
761658
761710
761557
762976
762826
762299
763056
762478
762797
762816
762846
762807
762245
762818
762848
762298
762269
762622
762655
762786
763041
763022
763001
762789
762775
762377
762778
763063
762618
762481
762617
762582
762312
762279
762747
762285
762270
762964
762880
762774
762830
762376
762699
762278
762608
762260
762261
763795
763364
763304
763642
763825
763305
763289
763293
763775
763097
763180
763081
763647
763648
763099
763139
763344
763597
763433
763659
763693
763431
763823
763083
763776
763179
763784
763117
763448
763380
763860
763459
763477
763549
763906
763368
763848
763770
763828
763342
763369
763378
763450
763603
763479
763091
763112
763263
763783
763458
763362
763090
763905
763595
763792
763767
763661
764787
764693
764299
764569
763990
764115
764699
764365
764047
764344
764363
764135
763989
764168
764147
764431
764398
764334
764815
764313
764038
764789
764417
764514
764067
764407
764151
764602
764495
764564
764070
764375
764301
764031
764032
764571
764596
764121
764023
764589
764814
764468
764390
764349
764273
764418
764428
764408
765191
765226
765167
764932
765043
764905
765286
765274
765128
765119
765188
765268
764930
765087
765567
764920
764949
764952
765511
765117
765187
765143
764948
765024
765380
765331
765237
765236
765556
765005
765021
765563
765007
765065
765550
765479
764956
765230
765482
765535
765148
765592
765283
765344
765604
765483
765342
764942
765079
765477
764937
764918
765193
765154
765388
765031
764906
766340
766211
766015
765727
765811
766416
765824
766054
765953
765663
766117
766131
765756
765671
765763
766199
765836
765951
765692
766116
766380
766354
765840
766132
765762
765782
766053
765801
766310
765954
765847
766213
765679
766296
765658
765968
766413
765933
765939
766218
765777
765751
765685
765767
766160
765768
765850
766262
766217
765941
765834
766013
765770
766056
765660
765654
765929
765979
765649
765825
766215
766381
766147
766293
766264
765961
765710
765785
765839
765971
766342
766200
766868
766804
767096
766918
767094
766844
767035
767178
767238
767137
766707
766806
767064
766861
766954
766938
766869
767002
766483
767248
766482
766694
767197
766704
766595
767003
766693
766677
767134
766863
767218
766944
767262
766675
767180
766639
766567
767203
767141
767034
766591
767086
766935
766875
767135
767243
767083
767220
766715
766569
766649
766905
766592
766873
766915
767260
767352
767703
767760
767585
767989
768088
767735
767800
767667
767471
767510
767864
767555
767601
767422
767464
767688
768080
767579
768033
767715
767466
767618
767634
768037
767354
767732
767739
767474
767990
767330
767947
767918
767669
767685
767884
767416
768035
767476
767452
767461
767929
767855
767389
767403
767365
767916
767834
767546
767581
767928
767437
767309
767611
768117
767375
767624
767837
767475
767448
767613
767820
767467
768046
767511
767946
767774
767627
767653
767956
767600
767654
767310
767606
767470
767402
767656
767326
767900
767729
768887
768615
768450
768429
768797
768519
768692
768843
768818
768669
768398
768724
768477
768407
768819
768460
768905
768841
768550
768373
768683
768517
768670
768246
768794
768689
768392
768846
768761
768299
768688
768364
768431
768903
768338
768476
768569
768603
768685
768916
768752
768396
768337
768438
768179
768456
768297
768687
768451
768178
768594
768932
769130
769311
769082
769052
769135
769238
769308
769523
768961
769002
769193
769265
769337
769140
769514
769757
769522
769165
769307
769004
769387
769468
769716
769378
769195
769525
768966
769030
769392
768967
769418
769105
769617
769605
769819
769302
769261
769322
769051
769675
769106
769382
769312
768962
769325
769760
769299
769029
769792
769423
769335
769817
769095
769674
769713
769604
769048
769789
769465
769528
769370
769415
768981
769452
769234
769006
770631
770202
770542
770652
770280
770294
770531
770436
770094
770334
770561
770173
770286
770522
770302
770599
770092
770480
770438
770651
770464
770406
770676
769924
770136
770605
770432
770308
770178
770520
770166
770310
770608
770207
770536
770070
770105
770106
769923
770610
770052
770567
770648
770024
770338
770956
770694
770889
770762
770788
771415
770750
770892
771076
771484
771485
770696
771356
771184
770976
770920
770812
771045
771417
770862
771363
771488
771120
770747
770733
771000
770896
770864
770939
771040
771001
770784
770783
770806
770937
771214
771206
770957
771047
771026
770858
770738
771071
771123
770803
771489
771513
770999
771208
770972
771397
771302
770786
771039
770735
771498
770959
771564
771550
771997
771656
772138
771851
772270
771852
772326
771908
771810
771719
771977
772186
772297
772140
771664
771788
771782
771871
771653
771828
772169
772066
771909
772161
772309
771956
771812
772171
771874
771829
771570
771568
772271
771834
771869
771729
771931
771779
771717
771781
771552
771792
772241
771873
771929
771728
771565
772189
772448
772586
772819
772771
772672
773154
772946
772384
772447
773034
773021
773085
772936
772508
772963
772633
772674
772773
772507
773019
772926
772395
772548
772525
773025
773026
772364
772795
773090
773076
772630
772358
773047
773000
772984
773108
772968
773120
772549
772522
772544
772523
772392
772355
772533
772653
772560
772933
772464
772941
773433
773368
773521
773325
773984
773953
773266
773833
773804
773922
773276
773740
773923
773250
773410
773338
773589
773564
773533
773755
773756
773785
773225
773453
774007
773532
773911
773219
773383
773407
773202
773262
773660
773349
773626
773646
773879
773271
773413
773650
773704
773460
773828
773830
773909
773412
773783
773882
773753
773321
773369
773288
773251
773273
773289
773558
773201
773405
773465
773656
773440
774135
774315
774759
774238
774204
774408
774834
774423
774280
774311
774447
774378
774709
774056
774107
774584
774149
774661
774155
774389
774279
774102
774283
774459
774134
774587
774118
774119
774760
774606
774813
774041
774603
774588
774059
774422
774563
774737
774539
774387
774109
774666
774561
774828
774153
774209
774437
774110
774042
774484
774754
774492
774624
774621
774482
774103
774190
774736
775113
775234
775387
775440
774954
775212
775192
775286
775211
774983
775202
775332
775369
775143
775131
775534
775086
775216
775321
775000
775336
775511
775479
775010
775224
775368
774867
775232
775326
775147
775503
775477
775439
775204
775009
775556
775388
775333
775079
775092
774998
775055
775498
775167
775403
774874
775520
775087
775198
775165
775225
775527
775230
774926
774911
775638
775130
775401
774922
774921
775219
775637
775320
775229
774914
775185
775288
775519
776323
776237
775694
776072
776071
776331
776387
776227
775987
776385
776404
775791
775913
775764
776193
776001
776220
776288
776165
776238
775677
775924
776321
776279
776438
776233
775789
776137
776320
776188
776222
775754
776439
775681
775682
776297
775690
776158
775862
776267
776005
776182
775947
775757
776166
776147
775711
775760
775867
776783
776663
776541
776840
777180
777063
776625
776829
777296
777108
777100
776762
777066
777289
776892
777019
776797
776655
776544
777269
776545
776929
776734
776670
776659
776745
777226
776789
777060
776831
776934
777286
777245
777225
776736
776893
777235
777134
776764
776560
776616
776731
776803
776632
776743
776723
776926
777057
776548
776912
777528
778066
777595
778030
777757
777824
777705
778038
777739
777810
777904
777687
777795
778080
777527
777744
777494
777641
777935
777889
777347
777452
778036
777708
778060
777543
778070
778027
777756
777695
777348
777742
778067
777759
777732
778113
777672
777915
777593
778045
778046
777868
777496
777782
777507
777934
777691
777450
777794
777674
778109
777753
777812
777837
777905
777731
778024
777443
777682
778128
777876
777875
777830
777866
778864
778606
778494
778165
778456
778342
778508
778198
778267
778828
778330
778847
778785
778321
778587
778507
778230
778252
778543
778848
778712
778312
778455
778343
778540
778335
778172
778814
778521
778164
778840
778641
778246
778338
778333
778863
778797
778318
778809
778169
778294
778227
778604
778842
778589
778325
778275
779387
779336
779659
779778
779342
779733
779628
779217
779731
779379
779797
779348
779591
779065
779605
779174
779500
779161
779228
779722
779814
779747
779767
779546
779779
779250
779471
779215
779100
779624
779803
779661
779568
779001
779346
779197
779198
779050
779172
779529
779444
779774
779473
779527
779160
779570
779721
779251
779142
779089
779373
779119
779058
779057
779623
779386
779068
779338
779067
779149
779776
780211
780106
780531
779968
780115
779880
780241
780274
779872
780306
780459
779882
780351
780485
780380
780535
780104
779923
780546
780066
779877
779953
779871
780659
779904
780415
780497
780612
780117
779905
780278
779876
780548
780357
779974
780456
779934
780212
780681
779922
779983
780416
780502
780360
779976
780455
780381
779915
780051
780239
780568
780567
780119
780646
780048
781038
780803
780786
780953
781382
781011
781339
781265
781246
780717
781364
781344
780820
780846
780919
780788
780728
781267
781013
781019
781149
780818
781363
781442
780702
781189
780848
780829
780966
781236
780737
780916
781386
780700
780741
781004
780995
781177
781180
780881
781165
780958
781259
780883
780830
781455
781456
781002
781446
781433
780743
781186
780800
781148
781200
781896
782141
781803
781929
781700
781476
781540
782199
782136
782062
781731
781773
781766
781493
781819
781520
781478
781494
781535
781584
781650
782335
782256
782156
781522
781984
781775
781828
781898
782287
781753
781605
781498
781932
782107
781566
782133
782206
781754
781678
782255
781602
782145
782061
781646
782180
781547
781561
781964
781812
782154
782220
781809
781481
782212
781500
782260
781472
782108
781825
782956
782490
782406
782981
782980
783041
782610
782444
782715
782673
783045
782369
782429
782603
782937
782538
782360
782949
782840
782839
782452
782992
782798
782389
782533
782384
783104
782692
782761
782359
782728
783099
782470
783109
782371
782454
782674
782769
782717
782945
782726
782401
782691
782400
782708
783067
782968
782425
782747
782827
782990
782541
782967
782865
782495
783476
783154
783213
783616
783374
783836
783867
783157
783210
783547
783170
783627
783917
783812
783461
783377
783472
783575
783394
783846
783219
783597
783576
783560
783311
783248
783837
783604
783866
783813
783441
783484
783153
783787
783803
783373
783266
783528
783217
783843
783274
783463
783356
783785
783841
783455
783275
783379
783312
783174
783786
783818
783848
783855
784300
784707
784258
784729
784084
784566
784263
784004
784690
784095
784016
784104
784297
784222
784264
784076
784013
784086
784190
784471
784006
784496
784217
784477
784497
784097
784726
784693
784138
784673
784543
784018
784127
784128
783933
784705
784568
784567
784191
784010
784556
784092
784141
784472
784012
784245
784108
784725
784701
785106
785052
784918
785030
785598
785177
785220
784866
785586
785172
785542
785626
784814
785540
784993
784919
785222
785617
784964
784875
785215
784811
785176
785050
785545
785108
784878
785098
785082
785218
784815
785119
784809
785114
785606
785386
785056
785585
785054
785534
785303
785017
784890
785600
784892
784984
784998
785388
785608
785641
785309
784972
784862
784853
785849
786388
786261
786335
785908
786165
786198
786399
785953
786270
786027
786000
786262
786147
785795
786146
786168
785681
785792
786373
785711
785820
785844
785957
786372
786336
786234
786019
786175
786172
786267
785939
785940
785700
786258
785706
785979
785683
785912
785818
786139
786140
786255
786171
786384
785803
786281
785891
786257
786024
786295
785857
786322
786206
786298
786324
785892
785968
785799
786717
786758
786446
787283
787136
786476
787253
786710
786486
786539
787087
786920
786689
786992
786564
786551
786552
786951
786540
786567
786919
786482
786778
786850
786570
786621
787137
786753
786691
786572
786949
787086
786477
786998
787194
786508
786732
786941
786731
786851
786833
786466
786580
786974
786980
786573
786711
786448
786792
786947
786973
786609
786507
787596
787701
787334
787821
787862
787716
787725
787752
787550
787870
787859
787607
787561
787671
787328
787385
787864
787332
787329
787598
787668
787553
787758
787535
787446
787447
787560
787695
787963
787871
787528
788074
787775
787744
787785
787751
787533
788044
788075
787866
787965
787726
787693
787540
787389
787680
787527
787614
787784
787756
787745
788916
788701
788200
788419
788517
788723
788666
788509
788229
788347
788203
788198
788173
788574
788212
788609
788514
788919
788769
788417
788532
788406
788915
788504
788847
788338
788521
788669
788630
788503
788529
788315
788765
788566
788510
788753
788508
788481
788246
788568
788660
788922
788822
788921
788209
788482
788706
788342
788752
788408
788550
788773
788534
788205
788317
788261
788811
788767
788823
788699
788571
788656
788923
788511
788231
789310
789712
789656
788995
789397
789401
789437
789436
789628
789585
789280
788989
789729
789552
789371
789584
789399
789676
789406
789170
789154
789313
789627
789614
789284
789601
789002
789596
789119
789816
789095
789613
789292
788980
789455
789635
789730
789126
789295
789828
789049
789320
789340
789452
789508
789484
789039
789568
789311
789345
789675
789770
789465
789529
789381
789813
789470
789051
789579
789171
789602
789464
789586
789343
789485
788996
789232
789157
789300
789914
790197
790252
790217
789886
790478
790529
790301
790179
789913
790055
789856
790496
790400
790531
790467
790607
790250
789965
790372
789865
790498
790237
790053
790316
790387
790681
790131
790461
790577
790370
790619
789888
789952
790603
789976
790048
790243
790493
790324
789853
790556
789883
790572
789866
790398
789949
789882
790245
790633
790565
790130
790233
790459
790602
790190
790492
790640
790195
790314
790046
789978
791230
791328
791179
791420
791481
790826
790699
791134
791021
790766
791294
790768
791109
791311
791310
791135
791170
790794
791229
791060
791120
790949
791107
791181
791500
791118
791027
791291
791056
791114
791240
791168
791416
790954
791448
791483
791521
790840
791476
790871
790870
791551
790772
791115
791463
791330
790805
790828
791475
792234
792305
791948
792258
792374
792011
791880
792210
792047
792259
792354
791805
792181
791765
791783
791590
791869
791946
791847
792096
792342
791933
792251
792007
792179
792008
791803
791852
792000
791659
792345
791611
791993
792177
792004
791963
791843
791878
792307
791835
791992
792355
792252
792098
792987
793125
792476
792499
792791
792968
792839
792458
793285
793238
792674
792956
793012
793286
793164
792670
792478
792588
792931
793172
792823
793182
792652
793126
793122
792953
792623
793109
792772
793117
793033
792788
793252
792982
792425
792451
792799
792636
793077
792615
792972
793005
792675
793198
792837
792428
792785
792589
793107
793078
792490
792787
792763
792794
793239
793013
792802
793007
792817
792969
792970
793197
792925
793163
792984
792635
792843
793500
793703
793562
793453
794066
793965
793955
793511
793434
793794
794077
793878
793893
793564
793850
793479
793540
793917
793431
793435
793480
793459
793468
793724
793582
794085
793910
793524
793625
794044
794075
793756
793626
793499
793520
793906
793454
793981
793864
793411
794109
794035
793606
793959
793441
793543
793417
793521
793779
794034
793598
793759
794079
793877
793768
793749
794043
793846
793827
793445
793580
793466
793519
794032
793865
793415
793456
793427
794228
794437
794532
794593
794371
794376
794165
794236
794322
794913
794369
794404
794373
794330
794368
794771
794698
794664
794891
794603
794710
794328
794486
794769
794496
794523
794558
794557
794498
794167
794693
794194
794683
794448
794681
794670
794213
794241
794361
794760
794655
794912
794410
794713
794922
794701
794253
794598
794238
794587
794141
794656
794530
794140
794365
794892
794311
794221
794667
794449
794364
794890
794347
794880
795486
795717
795498
795456
795439
795346
795437
795630
795300
795643
795377
795442
795309
795485
795719
795458
795430
795503
795602
795238
795180
795217
795157
795660
795282
795041
795633
795708
794962
795294
795293
795079
795396
795510
795047
795604
795428
795102
794959
795178
795502
795642
794952
795216
794976
795044
795263
795264
795585
795530
795204
795639
795567
795051
795563
795153
795500
795425
795578
796449
795874
795811
795901
796387
796464
795959
795822
796338
796539
796068
795913
795821
796485
796575
796516
796117
796419
795758
796276
796187
795928
795890
796199
795956
795911
796339
796556
796450
796062
795824
796122
795926
795909
795945
796480
795944
796076
796254
795872
796153
796118
795856
795755
796063
795950
796256
796183
795809
796482
796474
796418
796265
796518
796491
795826
796200
796681
797285
796609
796608
796844
796692
796638
796626
797111
796761
797178
797205
796899
796832
796622
796845
796691
797316
796721
796592
796819
796731
796822
796700
796757
796723
797389
796883
797027
797220
796994
796636
797019
796646
797106
796728
797218
797243
797322
796897
797253
796712
796995
797318
796698
796714
796795
796684
797021
797099
797098
797008
797905
797616
797730
798072
797924
798094
798008
798029
798030
797601
798160
797511
798035
798271
798247
797549
797729
797859
797773
797978
798248
798127
798126
797885
798213
797939
797569
798084
797882
797963
797533
797917
798071
797940
798052
797771
798272
797750
798167
798154
797565
797585
797502
798066
798153
797852
797962
797532
797562
797521
798864
798442
798856
798488
798842
798841
799006
799075
798948
799049
798913
798728
798884
798863
799048
799055
798436
798735
798548
798292
798296
798730
799078
798549
798767
798445
798781
798571
798782
798951
798479
798857
798753
799090
798828
798666
798580
798388
798910
798838
798428
798819
799036
798575
798289
798592
798946
798837
798736
798784
798477
798383
799004
798430
798385
799365
799703
799589
799570
799304
799477
799419
799673
799520
799357
799672
799226
799511
799622
799387
799311
799633
799800
799559
799757
799300
799556
799486
799554
799396
799363
799502
799229
799826
799356
799636
799505
799393
799896
799810
799873
799521
799491
799431
799503
799227
799710
799846
799891
799831
799618
799803
799383
799509
799746
799496
800024
800623
800126
800102
799956
800388
800211
799955
800609
800733
800593
800429
800495
800559
800701
800681
800210
800069
800718
800188
800476
800496
800474
799975
800381
800419
800033
800430
800298
799969
800047
800193
800477
800007
800350
800219
800516
800380
800077
799938
800390
800598
800185
800682
800099
799937
800563
800053
800677
800048
799950
800121
800642
800129
799967
799951
800315
800103
800352
800394
800118
800028
800029
800712
800073
800617
800108
800184
800702
800437
800021
800625
800735
800222
800377
800037
801573
801548
800829
800883
801375
801516
801115
801363
801126
800959
801093
801228
800933
801137
801428
801136
801230
801006
801418
801005
801420
800832
801048
800903
801339
801470
800842
801128
801176
801353
801192
801193
800881
801049
801095
800936
800837
801373
800965
800966
800818
800930
801511
801114
801559
800995
801490
800996
800906
801275
800827
801869
801652
801651
801673
801624
802399
801837
802239
802232
802231
801902
801996
801736
802144
802209
802308
801840
801706
801666
801802
801955
802347
801664
801903
802039
801870
801960
801773
801672
802141
802414
802310
802205
801957
802128
802089
801864
802134
801689
802241
802408
801755
801737
801951
801747
802366
801632
801928
802064
801863
802346
801775
801998
801953
801708
802363
801645
801964
801874
801883
801635
801655
802101
802024
801687
802780
803017
802606
803152
802985
802984
802514
803137
802900
803016
802767
803014
802979
803141
802659
802735
802507
802461
803098
802753
802509
802874
802459
803086
802814
803096
802443
802468
802935
802470
802661
803030
802796
803139
802685
802728
802686
802897
802442
802513
802937
802784
802847
802775
803018
802799
803106
802655
802919
803438
803900
803402
803475
803578
803997
803885
803383
803622
803621
803588
803732
803435
803381
803361
803362
803939
803898
803440
803946
803459
803394
803403
803411
803629
803994
803278
803716
803279
803582
803713
803228
803441
803502
803518
803450
803611
803932
803517
803662
803933
803503
803892
803583
803606
803448
803884
803224
804161
804018
804375
804747
804678
804202
804636
804317
804131
804274
804101
804464
804319
804451
804109
804635
804611
804446
804032
804386
804244
804156
804650
804110
804167
804609
804651
804321
804734
804228
804733
804037
804129
804222
804745
804275
804364
804102
804179
804453
804588
804729
804755
804614
804260
804022
804640
804391
804677
804218
804370
804033
804711
804185
804448
804689
804392
804552
804603
804615
804178
804995
804866
804878
804890
805456
805405
805301
805510
805122
805055
805003
804903
805530
804893
805458
805629
805501
805109
805087
805406
805295
805497
805566
805108
805656
805001
805523
805337
805166
805401
805358
805399
805089
805078
805508
805527
804956
804864
805049
805505
804879
804957
805297
805913
806151
806527
806331
806525
805708
806146
806205
805706
806288
806026
805702
805986
806118
806290
806339
805747
805710
806458
806446
806154
806408
806109
805707
806376
806394
806011
806062
806063
805897
805923
805965
805892
805689
806102
806010
806372
805934
805690
805924
806191
806392
806490
806512
806513
806207
806457
805963
806976
806940
806566
807127
806755
807300
806637
807031
806569
806629
806607
807305
806724
806707
807124
806761
806596
807163
807303
806832
806594
806714
806895
806552
807235
806600
806702
806756
806999
807238
807151
807319
807157
806784
806640
807287
807288
806703
806997
806826
807007
806603
807008
806585
807196
807299
807159
806798
806643
807183
807204
806808
806722
806549
806807
806787
807175
806939
806845
807152
806710
806896
806882
807026
807490
808175
807414
808081
808006
807888
807928
808094
807608
807783
808078
807689
808146
807948
808136
807418
808064
808029
808004
807416
807531
807644
808080
807508
807965
807929
808041
807840
808063
807478
808084
807910
807896
807878
807986
807967
807499
807784
808109
807477
807429
807949
807693
808482
808340
808632
808317
808437
808438
808675
808451
808294
808931
808661
808539
808269
808296
808397
808502
808455
808445
808871
808592
808508
808825
808992
808422
808399
809004
808519
808253
808676
809009
808869
808476
808447
808919
808725
808578
808750
808736
809008
808752
808518
808261
808260
808449
808824
808929
808818
808339
808817
808526
808444
809369
809311
809437
809501
809620
809696
809295
809506
809588
809882
809355
809227
809066
809237
809628
809535
809558
809618
809102
809694
809768
809182
809291
809644
809281
809751
809109
809208
809589
809098
809368
809356
809385
809344
809358
809225
809613
809342
809361
809464
809873
809363
809216
809545
809940
809611
809312
809043
809750
809766
809132
809183
809075
809365
809433
809765
809937
809539
809845
810310
810123
810629
810311
810237
810178
810590
810186
810601
810254
810187
810584
810583
810518
810240
810008
810331
810075
810270
810016
810526
810367
810241
809952
810200
810504
810630
810514
810233
810198
810576
810017
809953
810335
810405
810486
810470
810603
810485
810416
810179
810675
809960
810658
809999
810519
810375
810418
810596
810472
810002
810117
810454
810235
810364
810529
809962
810752
811200
811079
811476
811449
811233
810783
811161
811371
811493
811455
811503
811505
811288
811495
810753
810934
811061
811090
810780
811163
811440
810917
811125
810757
811361
811373
811115
811304
811477
811400
810865
810835
811399
811096
810877
811300
810969
810932
811169
811453
810966
810915
811356
811234
811295
811167
811058
811159
811124
810825
811057
811228
811081
811088
811856
811870
811652
811891
812183
812107
811988
811536
812099
811647
812213
812106
812208
811548
811567
812097
811728
812059
811521
811669
811522
811716
812029
811900
812203
811535
811565
811872
811843
811727
811964
811965
811528
811845
811624
811934
811558
812250
811823
812267
811661
811681
811527
812148
812279
811750
811977
811561
811627
811896
811967
811937
812214
811554
811852
811633
812265
811737
811918
811936
811649
811748
812185
812396
812677
812414
812413
812346
812329
813072
812571
813037
813042
812590
812689
812601
812495
813102
812903
812617
812904
813033
812918
812952
813047
812709
812486
812846
812863
812864
812703
812627
812593
812574
812481
812815
812806
813014
812849
812410
812743
812367
812615
812985
813104
812449
812688
812596
812956
812510
812467
812944
812851
812835
812839
812813
812469
812673
812363
812479
813015
813030
812762
813124
812347
813371
813632
813502
813576
813336
813599
813325
813577
813736
813233
813542
813400
813286
813951
813631
813745
813281
813509
813168
813655
813499
813333
813965
813950
813402
813335
813369
813429
813218
813776
813619
813766
813428
813324
813827
813458
813948
813607
813597
813170
813331
813498
813964
813741
813351
813765
813352
813456
813608
813635
813946
813506
814628
814287
814652
814620
814130
814417
814357
814236
814640
814579
814662
814663
814621
814867
814580
814727
814229
814356
814288
814416
814125
814730
814194
814227
814749
814562
814246
814039
814133
814234
814232
814063
814062
814731
814539
814038
814726
814798
814615
814386
814193
814801
814225
814135
814974
814941
814899
815652
814900
815054
815502
815147
815476
814929
815552
815650
814927
814928
815247
815208
814963
814934
814954
814999
815279
814985
815160
815031
815178
815415
815203
815080
815675
815752
815551
815154
815233
815750
815420
814939
815373
815501
815206
814950
815488
815098
815653
815492
815665
815079
814918
815345
815545
814919
815198
815654
814962
815534
815737
815410
815417
815748
815478
815346
815490
815255
814925
815497
815092
815374
816375
815846
816091
815926
816378
815976
815943
816254
815781
816124
815783
815967
815788
816001
816279
815912
815923
816297
816042
816454
815957
816151
815858
816259
816282
815911
815970
816468
816048
816133
816245
816043
816123
816055
816383
815831
816016
816017
815789
815949
816223
816046
816265
816218
816291
816117
816467
816455
816028
815981
816527
816004
816436
815908
816526
816869
816624
817125
816615
816637
817309
816838
816813
816940
816622
817020
817018
817252
817058
816635
817263
817031
816920
816625
817311
816785
817040
817088
816786
816564
816808
817163
817137
817306
817265
816762
817177
817305
816556
817014
816814
816872
816761
816643
817130
817167
816942
817326
816621
817015
817056
818016
818143
817705
818044
817778
817659
818048
817449
817616
817917
817762
818013
817502
818177
817736
817912
817775
818103
818045
818145
818085
817563
817702
818065
817913
817669
817731
818102
817763
818049
817415
817413
817619
817609
817596
817459
818174
817445
817664
817597
817649
818178
818082
817565
818433
818881
818285
818737
818723
818427
818589
818597
818509
818863
818679
818246
818513
818903
818328
818706
818329
818540
818244
818282
818736
818510
818426
818850
818797
818522
818232
818231
818891
818750
818465
818535
818914
818647
818862
818845
818593
818562
818935
818537
818629
818290
818646
818934
818435
818823
818770
818708
818544
818875
819494
819656
819540
819355
819356
819492
819416
819346
819206
819616
819803
819083
819521
819737
819642
819843
819675
819615
819337
819171
819666
819797
819754
819262
819406
819403
819308
819501
819478
819671
819394
819085
819392
819523
819829
819131
819132
819608
819218
819450
819263
819311
819668
819498
819220
819724
819611
819800
819310
819172
820583
820084
820377
820322
820037
820352
820323
820112
819944
820605
820540
820565
820417
820039
820082
820436
820630
820321
820453
820012
819875
820319
820093
819933
820479
820306
819981
820224
820094
820003
820317
819873
820308
819940
820492
820108
819931
820107
820478
821168
821005
820763
821070
820741
821060
821357
821449
821328
820909
821299
820968
821254
820804
821121
820856
821068
821386
820965
820851
821300
821206
820910
820685
820762
821450
821345
821184
820800
820778
821081
821153
820767
820738
820943
821313
820961
820858
820770
820984
821197
820847
821006
820849
821500
820798
820758
821182
820985
821446
820942
820848
821166
821071
820740
821255
822098
822316
821795
822054
822070
821974
822147
822176
821673
821648
822235
821975
822354
821853
822069
822056
822206
822371
822365
821919
821544
821990
822288
821672
821645
821825
821798
821888
822096
822031
821838
822117
821855
822023
822086
822330
821921
822233
822281
822010
822085
822011
821562
822116
821938
821873
822321
822331
821587
821824
821841
822667
822834
822985
823069
822636
823116
822779
822719
822971
822668
822639
822913
822980
822945
823008
822716
822832
822580
822836
822848
822717
822847
823068
822982
822528
823004
823002
823117
823118
822583
823072
823115
822554
822487
823083
822934
823110
822775
822908
822914
823081
822974
823021
823124
822489
822931
822781
822721
822969
822486
823071
823590
823584
823553
823766
823674
823698
823298
823257
823808
823299
823785
823359
823901
823663
823704
823202
823835
823686
823450
823336
823778
823792
823615
823675
823347
823477
823842
823319
823689
823241
823906
823350
823714
823391
823658
823324
823574
823900
823846
823770
823539
823586
823178
823215
823763
823264
823575
823294
823240
823177
823720
823826
823709
823701
823570
823762
823320
823388
823446
823760
823206
823207
823551
823360
823708
823898
824294
824370
824449
824533
824153
824426
824027
824479
824086
824652
824487
824563
824544
824171
824238
824225
824309
824378
824448
824161
824759
824360
824074
824609
824480
824288
824424
824109
824069
824311
824025
824246
824400
824745
824366
824222
824763
824705
824206
824110
824560
824502
824540
824042
824703
824562
824306
824125
824039
824683
824731
824227
824557
824651
824090
824204
824245
824180
824889
825521
825463
825235
825423
825027
825552
825458
825285
825422
824882
825001
825121
825010
825522
824911
824874
825073
824964
824892
825265
825028
825340
825557
825419
824880
825435
824971
825236
824989
825086
825318
824896
824873
824995
825084
824878
825148
824905
825284
824887
825543
824908
825118
824950
825194
824914
825031
825254
824965
825262
824827
824833
825191
824893
825072
824907
824883
824997
825039
826242
825676
825787
825778
825935
826383
825634
826017
826424
825975
825817
826127
826137
825841
825902
826415
825818
825664
825852
826035
825784
825628
825620
825951
826019
826272
825984
826273
825819
826397
825692
825972
826250
826251
826231
825718
825936
825864
825675
825990
826249
825740
826425
826244
826224
825713
826234
825869
825683
826292
825670
825635
826384
825619
825877
826285
826037
825829
825695
825978
825834
825745
826197
825663
825867
826278
825631
826387
825992
825641
826798
826541
826746
826803
826815
826840
827034
827158
827216
827019
826491
826551
827029
826728
827135
826797
827160
826500
826795
827217
827168
826799
827039
826531
826470
826817
826726
827023
826628
826679
827020
827213
827212
826566
827106
826709
826655
826911
826595
826752
826630
826980
826587
826547
826742
826517
827093
826683
827002
827114
827036
826658
826597
826800
826913
826676
826675
826538
827881
827976
827656
827382
827833
827855
827324
827433
827981
827432
827400
827686
827862
828028
827837
827658
827445
827710
827454
827720
827394
827835
828019
827506
827740
827853
827651
827603
827749
827326
827747
827617
827290
827652
828042
827297
827533
827532
827429
827952
827838
827885
827809
827829
827727
827633
827622
827692
827408
827439
827804
827288
827781
827883
827811
827742
828200
828199
828817
828664
828577
828174
828170
828235
828203
828376
828635
828132
828637
828316
828660
828383
828818
828237
828375
828863
828404
828573
828373
828402
828204
828265
828522
828175
828655
828314
828211
828719
828928
828613
828658
828721
828570
828915
828913
828266
828666
828656
828872
829074
829181
829729
829012
829456
829073
829256
829043
829737
829190
829171
829247
829552
829731
829458
829032
829069
829251
829352
829445
829046
829245
829506
829705
829453
828965
829454
829018
829028
829415
829065
829478
829027
829234
829250
828993
829212
829443
829508
829585
828964
829354
829056
829057
830072
830403
830540
830380
830484
830251
829814
830486
830431
830459
830324
830065
830563
830080
829809
830422
830025
830056
829785
830472
830386
830401
830013
830487
830082
829946
830510
830005
830285
830231
830031
830132
830255
830561
830482
830093
830282
830029
830538
830478
830039
830499
830229
829997
830385
829921
830236
830007
830178
829912
829821
830286
829787
830097
830016
830177
830322
830237
829833
830497
830060
830588
830129
830305
830374
830281
829913
830508
831058
831374
831329
831362
831190
830818
831385
831043
830728
831197
830969
831109
830715
831059
830730
830816
831364
830815
830805
831055
830766
831309
831183
831124
831205
830942
830684
831449
831291
831350
831245
830708
830660
830698
831211
830692
831244
830970
831051
830832
830772
831188
831209
831083
831349
830680
830771
831367
830733
830673
831047
830834
830786
830661
831368
831583
832189
832015
831550
832177
831868
832103
832044
831775
831486
831669
832226
832013
831585
832236
832137
831908
831671
831896
831776
831485
832071
831823
832080
831866
831532
832138
832294
831664
831600
832050
832193
831795
831883
831960
832104
832129
831888
831555
831595
832078
832073
831716
831911
831962
831996
831597
831686
831665
831904
831810
832295
831939
831900
831899
831711
833006
832725
832603
832627
832753
832942
832634
833093
832998
832964
832570
832333
832880
833152
833016
832647
832772
832891
832532
832773
833015
832542
832852
832531
832727
832806
832484
832734
832468
832474
832452
833150
832958
832428
832761
832829
832458
832638
832469
832960
833120
832944
832614
833094
832963
832660
832527
832372
832612
832629
832933
832878
832733
832483
832990
832544
832427
832936
833121
832523
832885
832760
832714
832471
832752
832700
833619
833841
833375
833902
833718
833959
833194
833376
833520
833206
833758
833800
833808
833572
833710
833537
833872
833262
833675
833453
833214
833213
833983
833289
833955
833645
833446
833287
833806
833428
833759
833200
833222
833868
833299
833518
833201
833261
833846
833904
833297
833302
833907
833803
834571
834645
834750
834194
834259
834521
834172
834499
834162
834277
834064
834485
834360
834795
834678
834443
834659
834288
834603
834790
834008
834495
834349
834295
834358
834123
834573
834094
834527
834127
834705
834391
834111
834175
834814
834813
834756
834674
834271
834294
834820
834373
834018
834205
834702
834352
834793
834567
834273
834784
834474
834011
834565
834751
834144
834504
834256
834762
834818
834922
834864
834980
835252
835538
835188
835491
835118
835002
835109
834873
835271
835177
835283
835121
835211
835417
835490
835086
835247
835085
834981
835395
835559
835610
834862
834875
835539
835108
835039
834896
835428
835205
835187
834930
834901
835371
834989
835400
834920
835178
834990
835426
835041
835203
835064
834910
835248
835550
835386
835251
835001
835593
835072
835602
