478 0.00 0
613 0.00 0
327 0.00 0
143 0.00 0
495 0.00 0
774 0.00 0
727 0.00 0
264 1.00 0
422 0.00 0
225 1.00 0
905 0.00 0
449 1.00 0
510 0.00 0
31 0.00 0
101 0.00 0
564 0.00 0
929 0.00 0
48 0.00 0
519 0.00 0
92 0.00 0
516 0.00 0
83 0.00 0
672 0.00 0
875 0.00 0
177 0.00 0
755 0.00 0
292 0.00 0
27 0.00 0
488 1.00 0
802 1.00 0
859 0.00 0
376 0.00 0
388 0.00 1
81 1.00 1
245 0.00 1
481 0.00 1
750 1.00 1
40 1.00 1
59 1.00 1
582 1.00 1
839 1.00 1
201 1.00 1
918 1.00 1
324 1.00 1
416 1.00 1
96 0.00 1
162 0.00 1
26 0.00 1
51 0.00 1
537 1.00 1
513 1.00 1
312 1.00 1
683 1.00 1
603 1.00 1
331 1.00 1
263 1.00 1
219 0.00 1
118 1.00 1
506 0.00 1
627 1.00 1
109 1.00 1
524 0.00 1
884 0.00 1
69 1.00 1
352 1.00 1
