627652
627953
627948
627950
627572
627515
627252
627372
627633
627737
627560
627518
627855
627838
627441
627630
627936
627509
627636
627751
627375
627400
627265
627632
627895
627703
627845
627714
627884
627883
627542
627668
627616
627719
627856
627297
627651
627624
627445
627577
627697
627401
627567
627812
627254
627847
627677
627722
627597
627679
627491
627537
627685
627841
627688
627752
627593
627690
627561
627894
627802
627735
627943
627279
627935
627246
628309
628506
628389
628628
628630
628617
628089
628067
628453
628103
628161
628087
628468
628348
628543
628017
628211
628277
628180
628344
628207
628163
628471
628101
628183
628616
628504
628355
628427
628480
628147
628622
628624
628151
628529
628035
628105
628542
628132
628137
627988
628029
628341
628457
628063
628354
628527
628608
628380
628560
628310
628293
628345
628607
628313
628466
628632
628152
628406
628533
628381
628318
628487
628138
628106
628187
628209
628268
628340
628018
629009
629111
629088
629216
629288
628988
628897
628924
628919
628718
628742
628916
629126
628898
629133
628666
628790
629087
629205
629287
629074
628981
629017
628927
629125
628876
629072
628748
629305
629023
629005
629078
629307
629121
629077
629024
629019
629206
628741
628986
628975
628719
628670
628853
628662
629222
628767
628808
628791
628667
629112
629355
629481
630001
629347
629731
629417
629561
629452
629873
629683
629758
629914
629934
629672
629503
629983
629956
629671
629327
629424
629324
629941
629621
629774
629982
629557
629356
629999
629760
629548
629912
629907
629456
629909
629997
629792
629684
629618
629648
629465
629454
629457
629418
629363
629905
629552
629903
629375
629325
629773
629936
629844
629423
629842
630572
630638
630463
630204
630646
630249
630590
630066
630592
630121
630168
630498
630393
630085
630247
630405
630189
630123
630542
630355
630295
630718
630350
630220
630164
630091
630064
630161
630156
630273
630188
630226
630025
630103
630647
630581
630462
630573
630192
630582
630717
630536
630149
630497
630271
630649
630145
631097
631000
630934
631194
631343
631099
631016
631296
631340
631419
630992
630899
631036
631316
631217
630764
630767
630954
630979
631360
631335
630991
630833
631018
631232
631071
631056
631259
630880
631305
631233
630898
630985
631141
630956
631215
630749
630938
631332
631059
631193
631363
631091
631132
630960
631054
631093
631395
630980
630915
630815
631276
631182
630907
631392
631184
631384
631031
631131
631258
630936
630909
631302
631424
631306
630792
631319
631104
631002
631170
631416
631112
631926
631622
631872
632158
631902
631618
632016
631898
631992
631670
631537
631848
631664
632023
631659
632048
631692
631806
632047
631569
631847
631994
631730
631982
631641
631858
632069
632053
631656
631874
631482
631665
632114
632017
631589
632036
631633
631507
632024
631630
631927
631983
631566
631627
632159
631456
632064
632026
631859
632054
631805
631881
631754
631749
631892
631546
631508
631454
631672
631693
631616
632112
631575
632769
632496
632331
632586
632289
632194
632777
632675
632430
632855
632745
632831
632317
632329
632224
632398
632388
632312
632549
632624
632349
632732
632629
632812
632852
632424
632188
632198
632195
632832
632465
632495
632509
632729
632468
632604
632768
632463
632350
632183
632283
632628
632492
632431
632622
632686
632394
632778
632811
632657
632389
632386
632580
632511
632225
632845
632747
633369
633155
633280
633553
633548
633033
633007
633030
633311
633463
633037
633135
633350
633248
633446
633039
633462
633444
633036
632882
633190
633495
633079
633091
633232
633426
633185
633149
633188
633546
632887
633549
633029
633090
633179
633297
632991
632974
633062
633154
633487
633152
633351
633519
633148
633181
633235
633313
633063
633489
633078
633157
632958
633402
633494
633255
632981
633358
633260
632884
632881
633161
633877
633563
633683
633668
634074
634157
634231
633883
633960
633983
633749
633993
634160
633706
634002
634197
634091
634220
633811
633830
633970
634175
633846
633861
633753
633989
633984
633959
634014
634161
633859
633742
633981
633930
633832
633955
633659
633691
633746
634140
633705
633874
633624
633744
633666
634580
634448
634475
634786
634847
634694
634445
634536
634816
634667
634697
634450
634547
634689
634952
634486
634500
634244
634818
634624
634549
634443
634956
634619
634581
634635
634992
634427
634534
634331
634959
634352
634357
634315
634787
634819
634975
634343
634953
634807
634434
634888
634693
634887
634808
634778
634245
634571
634691
634526
634462
634472
634920
634286
634497
634997
635491
635686
635636
635191
635622
635084
635341
635352
635460
635112
635540
635143
635462
635634
635531
635434
635154
635373
635057
635104
635590
635509
635375
635554
635340
635448
635640
635328
635383
635083
635098
635687
634996
635021
635140
635490
635137
635016
635381
635058
635266
635264
635011
635106
635291
635094
635006
635111
635619
635541
635329
635555
635532
635950
635692
635809
635817
635833
635908
636147
636094
635911
636230
636309
636297
636144
635729
635777
635980
636228
635825
636102
635916
635926
635918
636172
636280
636177
636093
635974
636043
636013
635895
635821
635801
635716
635915
635764
635924
636039
635861
635858
635800
636178
635735
636306
636035
635776
636241
635905
636835
636420
636909
636632
636862
636846
636795
636892
636499
636397
636620
637019
636661
636939
636634
636749
636793
636967
636564
636752
636536
636988
637020
636761
636663
636825
636813
636504
637011
636930
636590
636625
636975
636872
636817
636364
636834
636900
636628
636694
636908
636701
636540
636897
636544
636946
636685
636527
636992
636507
636524
636618
636759
636976
637490
637065
637323
637451
637582
637185
637406
637655
637298
637206
637365
637426
637088
637524
637422
637724
637297
637522
637199
637080
637063
637650
637478
637474
637111
637678
637460
637402
637350
637502
637472
637477
637222
637342
637517
637274
637186
637233
637225
637112
637583
637044
637466
637205
637214
637105
637223
637736
637657
637396
637462
637649
637354
637634
637285
637220
637470
637420
637152
637129
637231
637585
637540
637100
638205
638051
637840
637882
638307
637905
637834
638070
638125
638382
638217
638190
638182
638158
638209
638168
638186
638386
638473
637900
637841
638123
637983
638328
637989
638065
637798
638218
638167
638078
638067
638392
638397
638083
637859
637739
637777
637872
637867
638230
637792
638057
637993
637796
638305
638422
637899
638049
638157
637979
637990
637852
638983
638892
639119
639080
638900
639048
638962
638849
639121
639138
638921
638805
638527
638510
638595
638600
638495
638866
638736
638497
638873
638635
638743
638832
638957
638912
638537
638731
638508
638837
638935
639004
639009
638657
638596
638867
638499
638531
638514
638753
639147
638901
638850
638834
638978
639109
639114
638896
639005
638661
638556
638491
638659
638936
638872
638656
639136
638559
639066
638695
639156
639631
639586
639251
639244
639566
639831
639555
639704
639542
639166
639777
639851
639844
639842
639380
639551
639647
639319
639226
639846
639391
639314
639292
639764
639487
639794
639248
639368
639579
639500
639587
639746
639394
639181
639320
639565
639191
639389
639343
639703
639340
639252
639377
639372
639793
639271
639578
639488
639834
639374
639225
639293
639852
639263
639865
639193
639849
639880
640303
640293
639882
640071
640091
640023
640124
640353
639895
640019
640525
640151
640195
640443
640541
640487
640064
640341
640511
640125
640120
640256
640008
640013
640416
640153
640213
640059
640243
640298
640017
640441
640508
640097
639960
640212
640526
640540
640304
640194
640476
640245
640488
640258
639999
639896
640804
640902
640769
641140
641087
640655
640660
641170
641053
641016
640756
640900
640792
641208
640967
641021
640716
641064
641138
640719
640608
640944
641041
641061
640803
641183
641086
641070
641097
641003
640873
640762
641141
640859
640687
640674
641035
640649
640768
641040
640874
640946
640760
640969
641185
641726
641710
641351
641473
641459
641293
641640
641749
641732
641706
641681
641754
641240
641796
641340
641734
641860
641545
641683
641628
641902
641711
641812
641369
641258
641377
641625
641344
641745
641483
641844
641292
641336
641428
641480
641741
641252
641765
641237
641368
641329
641300
641488
641570
641668
641849
641564
641485
641670
642418
641932
642086
642606
642171
642164
641937
642217
642512
642520
642367
642345
642556
642247
642286
642464
642242
641995
642277
642408
642539
642166
642187
642080
642395
642039
642111
642361
642374
642255
642543
642216
642557
642387
642287
642002
642122
642172
642169
642175
642087
642177
642085
642497
641941
642036
642011
642521
642115
641959
642162
642117
641948
642451
642514
642465
641996
643173
642865
643232
642818
642767
642659
643300
643120
642667
642637
642632
642831
642664
643222
643227
643219
642887
643292
643289
643309
642907
643312
643077
642974
643066
643069
642760
643335
643119
642687
642975
643291
642758
642999
642995
642963
643341
643225
643331
642721
643284
643263
643071
642824
642675
643330
643273
642765
642618
643313
643139
643178
643070
643338
642961
642826
643065
643218
643245
642686
642631
642993
642670
643816
643782
643896
643977
643982
643543
643860
643474
643966
643352
643843
643377
643388
643581
643376
644025
643759
643553
643476
643412
643647
643922
643924
643870
644006
643422
643862
643761
643842
643715
643895
643591
643353
644042
643365
643864
644031
643792
643547
643914
643780
643648
643917
643653
644001
643710
643874
643701
643363
643546
643981
643971
643940
643590
643554
643508
643936
643785
643938
643579
643846
643728
644322
644559
644581
644183
644114
644116
644080
644668
644465
644678
644577
644327
644702
644340
644631
644652
644191
644266
644288
644691
644269
644296
644507
644690
644466
644420
644321
644313
644185
644621
644630
644115
644193
644272
644044
644077
644273
644471
644106
644286
644204
644701
644104
644242
644081
644548
644583
644339
644504
644497
644224
644595
644777
645312
644780
644962
644854
644724
644759
644960
645229
645385
645077
644863
644793
644802
645058
645386
645361
644923
645150
644996
645184
644973
644791
644755
644747
645228
644753
645237
645149
645240
645019
645234
644955
645311
644972
644974
644862
644718
645383
644760
644846
645362
645090
645379
644783
644907
645009
645351
645079
645477
645951
646040
645854
645790
645702
645454
646029
645632
645412
645455
645538
645786
645705
645791
645989
645717
645950
645633
645644
645878
645641
645594
645711
645988
645761
645539
645478
645605
645856
646053
645723
646051
645716
645748
645718
646037
645710
645564
645880
645413
645396
645393
645537
645421
645784
646727
646607
646575
646077
646308
646345
646166
646255
646310
646332
646595
646182
646087
646059
646112
646064
646356
646514
646148
646726
646382
646191
646314
646473
646111
646515
646211
646218
646065
646073
646597
646348
646589
646579
646609
646381
646138
646358
646475
646765
646773
646425
646129
647123
647317
647098
647314
646857
647367
647260
646808
646892
647294
647322
646819
646897
646821
647033
646866
647200
647405
647377
647100
647197
647116
647339
646858
647054
646848
647374
647252
646977
646836
647030
646833
646861
647297
647401
647404
647399
647117
646796
646920
646809
647811
647600
647933
647716
647620
648044
647852
647869
648052
647549
647411
647450
647444
647464
647757
647665
647726
647903
647738
647807
647989
647935
647674
647991
647926
647560
647906
647809
647410
647842
647856
647756
647604
648051
647889
647601
647835
647843
647888
647520
647833
647425
647525
648043
647837
647725
647652
648065
648559
648691
648215
648443
648328
648673
648740
648259
648438
648650
648743
648738
648123
648449
648525
648137
648207
648549
648266
648432
648734
648690
648375
648429
648737
648421
648390
648216
648260
648377
648310
648652
648447
648263
648139
648325
648205
648069
648251
648728
648248
648265
648514
648561
648426
648733
648246
648392
648128
648162
648546
648918
648889
649026
649213
648962
649236
648974
649134
649079
648936
648813
649044
649388
649105
649358
649130
649373
649294
648950
649106
649186
649069
649150
648758
649239
648802
649147
648943
649025
648964
649275
649349
648927
649123
649153
648937
649327
648949
648978
649011
649142
649240
649347
648976
648757
648760
648765
649313
648798
649151
649357
648874
649038
649387
649190
649036
649362
649192
649215
649198
649559
649542
649490
649712
649474
650009
650056
649881
650032
649605
649489
649444
649625
649419
649699
649860
649872
649587
649519
649608
649611
649530
650014
650019
649613
649819
649572
649969
649828
650046
649877
650008
650016
649761
649746
650033
649875
649577
649825
649411
649610
649477
649558
649443
649466
649726
649565
650021
649473
649573
649642
649723
649750
649868
650050
649701
649942
650045
649850
649484
650551
650063
650586
650731
650513
650388
650582
650274
650463
650401
650715
650254
650410
650252
650136
650600
650725
650243
650387
650367
650622
650456
650658
650626
650406
650659
650150
650158
650459
650587
650306
650384
650155
650389
650461
650408
650142
650138
650573
650325
650184
650550
650648
650453
650320
650313
650441
650649
650686
650092
650244
650139
650631
650585
650615
650462
650141
651218
651023
651067
651042
651144
651062
651088
650989
650961
650841
651331
650792
651141
651433
651109
651138
651319
650894
650963
650987
651369
650982
651227
650993
651404
651281
651420
651273
650876
651004
650743
650798
651060
650884
651430
651434
651230
651182
651093
650860
651304
651148
650830
651108
651305
650858
651291
651111
651185
651272
650856
651041
651170
651005
650997
651235
651156
651419
651840
651737
651881
651529
651612
651790
651706
651754
651673
652136
652062
651486
651643
651824
651586
651481
651518
651577
652154
651838
651935
651479
651594
651864
652151
651658
651877
651783
651531
651752
652125
651674
651576
652031
651750
652091
651982
651821
651791
651746
651639
651822
651768
651878
651981
652084
652139
651575
652029
651578
651468
652221
652387
652771
652568
652239
652385
652390
652406
652621
652720
652453
652703
652667
652243
652271
652736
652781
652699
652252
652837
652816
652481
652722
652213
652291
652281
652186
652183
652696
652180
652681
652705
652627
652452
652569
652604
652280
652275
652737
652269
652386
652674
652480
652319
652777
652322
652551
652653
652220
652312
652553
652292
652394
652495
652465
652762
652388
652503
652570
652256
652376
652600
652921
653357
652987
653360
653384
653198
653321
653353
652913
652878
652848
653330
652885
652844
652996
653355
652876
652846
653274
653296
653494
653174
652963
653197
652988
652918
652900
653222
653369
653361
653344
653385
653371
653173
653165
653398
653316
653272
653289
653275
653314
652903
653429
652995
652895
653433
652911
653223
652884
653618
653642
653621
654007
653656
653734
653692
653851
653898
653712
654128
653821
653801
654158
653958
653710
654076
653583
653788
653719
653883
653986
653625
653635
654061
653832
653849
653716
653897
654171
653740
654044
653698
654087
653701
653657
654130
653787
654033
653654
653957
653582
654182
654410
654447
654430
654244
654344
654405
654841
654361
654715
654291
654484
654581
654362
654520
654504
654823
654828
654579
654814
654440
654573
654690
654296
654407
654673
654268
654837
654462
654758
654193
654543
654256
654470
654293
654401
654572
654490
654453
654674
654283
654288
654310
654249
654441
654354
654689
654382
654444
654305
654238
654269
654374
654297
654533
654391
654830
654554
654785
654518
654483
655162
655484
654945
655308
655333
655462
654975
655506
655297
655409
655381
654997
655247
655469
654885
655118
655137
655347
655319
655068
655172
655524
655407
655383
655393
655368
655421
655065
655250
655002
655377
655369
655252
655127
655466
655296
655301
655507
655204
655168
655171
655427
655191
654943
655190
655417
654951
655331
655379
655411
655470
655048
654973
655248
655084
655087
655600
655695
655761
655842
656125
656200
656077
655753
655958
656091
655935
655885
655819
655718
656022
655887
655687
655902
655931
655763
656054
656035
656008
656070
655712
655904
655843
656057
656090
655578
656021
655924
655601
655806
656102
655928
656024
655707
656042
655710
655977
655820
655742
655959
656166
656205
656230
656354
656724
656478
656443
656448
656789
656917
656355
656622
656857
656527
656424
656630
656218
656637
656692
656522
656651
656525
656773
656665
656342
656315
656423
656332
656667
656464
656862
656477
656426
656228
656723
656283
656393
656856
656531
656595
656732
656334
656428
656623
656314
656446
656691
656689
656772
656460
656282
656931
657377
657513
657442
657275
657587
657585
657396
657622
657471
657252
657545
657365
657058
657103
657473
657115
657511
657494
657530
657243
657523
657514
657084
657086
657011
657097
657443
657114
657291
657564
657395
657376
657477
657036
657039
657238
657363
657421
657313
657316
657529
657534
657249
657341
657522
657242
657274
657339
656998
657093
657919
658163
658292
657637
658307
658219
658145
657730
657924
657668
657652
657703
658310
657673
657690
658062
657726
657841
657838
658259
657976
658029
658049
657843
657724
658241
657876
657655
658041
658043
657903
658316
658311
657882
658223
658243
658004
658013
658293
657674
658235
657774
658035
657923
657972
658069
658302
657837
658031
657953
658061
657633
657669
657778
658317
657889
657761
657875
658701
658780
658798
658538
658891
658608
659092
658935
658541
658468
658559
658327
658471
658549
658450
658396
658546
658567
658551
658893
658581
658799
659082
658617
659057
658987
659080
658913
659052
658467
658470
658378
658405
658402
658372
658956
658946
658951
658731
659029
658628
658643
658607
658880
658779
659056
659026
658479
658914
659006
658641
658566
658733
658582
658557
658753
658547
659329
659510
659242
659172
659345
659796
659565
659869
659542
659292
659176
659662
659215
659835
659567
659739
659661
659738
659677
659730
659167
659171
659679
659220
659614
659233
659255
659810
659228
659402
659801
659605
659641
659214
659353
659414
659177
659338
659261
659247
659339
659797
659330
659836
659396
659806
659219
659248
659512
659811
659286
659573
659729
659665
659607
659545
659166
659424
660163
660241
660310
660171
659886
660300
660446
660049
660210
660558
660124
660097
660358
660486
660183
660249
659933
660353
660023
659878
660047
660150
660344
660211
660540
660173
660476
660273
660434
660067
660342
660179
659934
659984
660220
660444
660305
659987
660158
660066
659963
659885
660063
660307
660474
660494
660239
660419
659872
660145
659997
660738
661279
660669
661095
660574
660828
660674
661202
661192
660927
660940
660992
661027
661227
661010
661118
660926
661006
661117
661073
660737
660629
660637
661249
660785
660634
661182
660847
661254
660809
661223
660635
661214
661023
661141
660998
661193
661084
660631
660723
660720
660588
660935
661082
660642
660806
660843
660995
661005
660895
661248
660633
661253
660786
661094
661136
661414
661718
661344
661601
661894
661924
661797
661817
661845
661371
661852
661965
661799
661538
661921
661987
661529
661316
661846
661840
661734
661377
661816
661546
661388
661496
661317
661871
661544
661869
661720
661498
661761
661966
661501
661736
661947
661742
661600
661595
661763
662491
662530
662565
662027
662355
662017
662613
662097
662675
662244
662232
662143
662168
662688
662672
662093
662617
662191
662484
661995
662287
662576
662125
662040
662189
662556
662615
662340
662089
662528
662290
662331
662677
662334
662339
662554
662392
662683
662236
662048
662076
662167
662633
662071
662577
662654
662318
662540
662270
662329
662316
662635
662619
662570
662678
662572
662146
662500
662060
662119
662517
662268
663277
662799
662734
663252
662763
662849
663326
663135
663046
662905
663331
663051
663154
663059
662814
663333
662742
663088
663011
663208
663289
663342
663074
662878
663327
663125
663166
663058
663082
662708
662909
663136
662745
662882
663391
663276
662730
662938
662903
662836
663308
662899
663105
663343
663251
663395
662710
663157
662875
663407
663665
663578
664095
663557
663895
663965
663737
663759
663487
663925
663731
663811
663923
663464
664092
663884
663674
663569
663853
663866
663967
663755
663622
663594
663735
663758
663766
663946
663458
663914
663423
663544
663552
663676
663830
664010
663563
663629
663568
663510
663621
663585
663943
663560
663856
663909
664325
664292
664483
664534
664726
664300
664580
664617
664200
664625
664272
664158
664183
664702
664232
664269
664262
664169
664368
664787
664774
664442
664221
664148
664279
664616
664218
664133
664113
664154
664233
664243
664265
664235
664597
664374
664504
664748
664749
664738
664316
664204
664443
664535
664745
664577
664190
664376
664293
664400
664606
664341
664793
664502
664331
664486
664598
664700
664723
664182
664786
664217
665335
665046
664866
664970
665188
664940
665399
665080
664993
665432
665443
665232
665234
665363
665119
665164
665081
665374
665372
665499
665011
665162
665303
664875
665328
665279
664962
665394
665061
665048
665187
664841
665430
664865
665277
665447
665521
665075
664889
665269
665192
664844
664953
664939
665384
664969
664839
664903
665211
664947
665435
665019
665125
665386
665368
665329
665343
665533
665520
665334
665974
665556
666261
665989
666003
666271
666086
665598
666243
666006
666113
665811
666156
665772
666131
665742
665770
666254
665848
665777
665805
665563
665769
665646
665561
665676
665807
666017
665876
665608
666004
666182
665976
666020
666114
665834
666157
666124
666259
665960
665761
665837
666267
665808
665999
665884
666272
666007
666250
666262
666281
665555
666280
666269
665892
665823
665847
665992
665862
666183
666252
666260
665672
665592
665667
666653
666879
666316
666797
666494
666335
666288
666998
666867
666547
666485
666480
666859
666686
666718
666741
666660
666369
666828
666792
666837
666787
666719
666451
666446
666464
666713
666590
666712
666645
666809
666690
666974
666292
666674
666548
666976
666519
666799
666663
666549
666518
666679
666995
666860
666585
666683
667387
667457
667473
667331
667689
667403
667505
667357
667189
667570
667201
667428
667139
667191
667091
667197
667426
667719
667706
667742
667737
667730
667612
667729
667168
667038
667455
667229
667720
667383
667124
667227
667474
667507
667695
667738
667539
667584
667366
667345
667440
667551
667239
667343
667922
668350
667883
667776
667876
667878
668240
667911
668440
668147
668391
668094
667979
668392
668300
668106
667770
668176
667942
668092
668413
668118
668221
668416
667766
667771
668195
667838
667763
668099
668071
667974
668236
667910
668238
668023
668363
668202
668069
668154
668439
667968
668052
668228
667765
667846
668107
668204
668172
668021
667928
667887
668119
668148
667882
667869
668459
667976
668362
668027
667875
668020
668209
668200
667834
668230
668454
667809
668537
668501
668730
669050
668489
668750
668810
668677
668789
668804
668680
669043
668675
669138
669166
669189
668826
668929
668808
668690
668493
668706
668912
669048
669081
668914
669117
669065
669114
668867
668770
668915
668595
668517
668636
668506
668467
668597
668729
668615
669148
668518
668772
668847
668625
668618
668468
669163
668705
669125
669187
669361
669366
669838
669796
669861
669746
669554
669556
669503
669645
669672
669284
669677
669501
669417
669851
669301
669336
669778
669814
669794
669782
669364
669697
669223
669736
669348
669212
669718
669839
669665
669285
669862
669339
669329
669401
669620
669800
669515
669477
669359
669685
669512
669479
669232
669819
669449
669660
669646
669857
669734
669846
670245
670199
670634
670496
670418
670097
670242
670608
670310
670060
670029
670135
670021
670103
670148
669904
670589
669994
669874
670118
669901
670464
670251
670184
670486
670161
670017
670576
670213
670638
670446
670381
670011
670253
669990
670463
670577
669892
670134
670566
670311
670061
670117
670257
670220
670495
670241
670159
670214
670086
670053
670222
670055
670248
670007
670605
670473
670550
670096
670106
670142
670497
670480
670552
669903
670104
670048
669873
670852
670723
670882
670764
670731
670690
670831
670657
671064
671294
670711
671307
671277
670781
670895
671256
670951
671326
670792
670736
671278
670950
670881
671319
670970
670739
671016
671253
671119
670780
670770
670650
670680
670789
670800
670778
671263
670710
670741
670885
670963
670705
670890
670791
670655
670733
671575
671393
671390
671402
672006
671526
671718
672022
671426
671418
671415
671522
671448
671340
671406
671620
671524
671680
671417
671374
671504
671721
671401
671582
671439
671682
671899
671444
671411
671477
671407
671939
671601
671921
671597
671786
671593
671416
671479
671403
671412
671929
671442
671423
671622
671520
671902
671764
672225
672053
672672
672186
672714
672530
672555
672324
672726
672072
672557
672398
672486
672679
672213
672354
672693
672695
672397
672384
672361
672537
672126
672149
672413
672156
672478
672210
672123
672600
672162
672407
672705
672028
672723
672128
672405
672104
672130
672602
672160
672057
672224
672622
672704
672412
672466
672501
672325
672847
673164
673359
673089
673159
673166
672830
673015
673180
672817
673136
673389
673147
672988
672976
673144
673349
673252
673149
672974
672935
673285
673240
673194
672885
673244
672873
673140
673074
673158
673404
673237
673076
673368
673407
673177
672753
673286
673092
672750
673266
673392
672823
672986
672831
672983
672984
672792
672903
673423
673081
672989
673787
674067
673770
673873
673749
673737
673834
673773
673762
673965
674139
673557
674144
673678
673909
673747
673821
673683
673995
673921
673809
674047
673566
674097
674092
673871
673958
673505
674168
674007
674071
674036
673953
673583
673578
673686
673822
673558
673942
673599
673548
674143
673939
673802
674030
673780
673777
674104
673622
674063
673778
673815
673619
673788
674169
674172
673543
673932
673540
673761
673613
673964
673982
673551
673855
673700
674269
674511
674508
674645
674803
674265
674369
674801
674404
674267
674459
674483
674598
674367
674195
674503
674549
674786
674245
674203
674213
674281
674347
674455
674687
674425
674350
674315
674377
674493
674661
674563
674191
674270
674471
674785
674721
674707
674370
674646
674641
674261
674485
674366
674473
674444
674515
674420
674443
674688
674551
674708
674537
674600
674575
674411
674659
674534
674792
674408
674604
675027
675346
675511
675487
675085
675125
675271
675372
674904
674933
675081
675327
674830
674995
674963
675392
675080
675062
674970
675039
674870
674820
675540
674988
675096
675359
675525
675513
675533
675231
675332
674934
674914
675345
675276
675239
675417
675242
675331
675106
674826
675232
674903
675478
674827
675529
675001
675358
675269
675294
675526
675033
675063
675127
675292
674969
675391
675058
675617
675581
675587
675745
675701
675601
675578
675568
675860
675987
676104
675946
676151
675898
676095
675754
675799
675825
675631
675885
675880
675558
675870
676097
676150
675836
675735
676047
675764
675762
675585
675759
675608
675739
675615
675570
675858
676035
675767
675872
675847
675826
676106
675886
676159
675655
675736
675688
675855
676058
675597
676131
675592
675839
675572
676036
675955
675575
675604
675969
676130
675607
675595
675801
675602
676046
675579
675845
676110
675599
676446
676495
676633
676767
676595
676497
676515
676582
676795
676512
676762
676215
676267
676262
676192
676856
676656
676838
676545
676854
676378
676258
676407
676538
676322
676842
676230
676219
676845
676804
676347
676338
676735
676619
676489
676457
676819
676527
676655
676266
676852
676675
676855
676313
676261
676211
676857
676677
676193
676324
676447
676805
676689
676635
676583
676616
676496
676357
676509
676697
676343
676618
676339
676223
677181
677080
677514
677481
677111
677508
677516
677150
677308
677560
676914
676986
677161
676881
677441
677130
676889
676899
677012
677103
677246
677070
677262
677123
677029
677154
677082
677418
676893
677112
677559
676915
677015
677101
677334
677071
676959
677293
676882
677162
677300
677336
677417
677366
677261
676911
677302
677364
677565
677530
676941
676950
677381
677435
677110
677511
676872
676930
677099
677138
676902
677180
677611
678157
677603
678110
677595
678178
678217
677665
677886
677769
678045
678219
677765
677789
677766
677885
678046
677941
678118
677779
678070
677794
677902
678179
678120
677994
678229
677690
677676
677796
678071
678124
677748
678091
677785
677597
677755
677786
677811
677989
677637
678111
678101
678117
678081
678210
677869
678242
678578
678848
678754
678352
678481
678582
678398
678248
678378
678557
678660
678936
678394
678380
678834
678928
678741
678591
678577
678621
678464
678891
678721
678526
678461
678867
678562
678659
678388
678931
678844
678465
678926
678467
678532
678762
678911
678292
678541
678767
678642
678903
678530
678881
678525
678569
678887
678620
678869
678920
678299
678399
678404
678635
678733
678755
678863
678254
678346
678285
678843
679555
679568
679260
679504
679507
679222
679219
679063
679082
679084
679550
679197
679575
679213
679353
678961
679061
679271
679261
679300
678975
679303
679442
679045
679371
678945
679477
679203
679198
679083
678972
679448
679218
679410
679313
679392
679223
679503
679574
679342
679572
679244
679274
678957
679049
679296
679566
679052
679484
679501
679596
678954
679552
679451
679190
679354
679193
679201
679315
679861
679741
679646
679740
679863
679693
679813
680222
679960
679678
679959
680298
680302
680188
680114
680220
680184
679759
680197
680109
679614
679815
679820
679923
680075
679933
679980
679975
680077
679931
679945
679706
679718
680292
680214
680295
679645
679827
679916
679663
680099
679679
679658
680303
680127
679961
680130
680306
680904
680888
680802
680895
680413
680741
680657
680525
680872
680611
680527
680600
680616
680862
680789
680815
680601
680791
680968
680583
680991
680901
680389
680779
680937
680762
680686
680403
680735
680329
680873
680679
680453
680799
680465
680362
680801
680342
680345
680312
680988
680795
680658
680907
680816
680885
680422
680977
680619
680780
680857
681701
681500
681517
681713
681520
681497
681522
681698
681230
681709
681205
681306
681679
681577
681128
681137
681175
681573
681723
681687
681224
681192
681672
681398
681651
681640
681774
681401
681190
681670
681593
681426
681680
681124
681201
681410
681673
681542
681747
681177
681732
681518
681334
681575
681725
681662
681771
681469
681636
681625
681364
681544
681425
681203
681352
681468
681655
681686
681047
681712
681102
682097
682008
682018
682054
682052
681967
682336
682242
681962
681889
682147
681792
682415
681964
682338
682321
682260
682355
682223
681795
682158
682145
682226
682379
682084
682123
682020
682046
681845
682265
682390
681796
682317
681793
682353
681975
681901
682326
682410
681963
681825
682295
682017
681890
682266
682045
682032
681888
681808
681883
682044
681921
682157
682241
682062
682086
682067
682091
681977
682124
682009
682360
682413
682561
683004
682431
682840
682590
682576
682473
682812
683053
682629
683067
682704
682764
683056
682890
682731
682761
682883
682891
682491
682841
682560
682550
682742
682893
682669
682744
682516
682691
682444
682457
682630
682667
682555
682729
682559
682432
682870
683166
683750
683626
683305
683429
683168
683196
683268
683748
683102
683153
683134
683466
683568
683207
683771
683467
683298
683303
683139
683694
683147
683744
683092
683630
683603
683125
683094
683098
683286
683664
683691
683208
683130
683198
683761
683336
683339
683477
683561
683727
683557
683478
683503
683091
683172
683730
683754
683554
683294
683174
683741
683637
683135
683093
683740
683612
683415
683666
683763
683490
683334
683279
683505
683211
684078
684046
684105
684280
684037
684054
684026
684284
684346
684296
684430
684266
684233
684136
683830
683825
684024
684298
684409
683889
684214
683973
684394
683871
683976
683953
684066
684061
684000
684398
683951
684106
683978
684285
683911
683870
684135
684349
684278
684267
683890
684216
684226
684432
684208
684002
685129
684544
684668
685125
684605
685019
684597
684594
684813
684925
684988
684936
684483
684985
684744
685097
684764
684648
684890
685075
684969
684643
684487
684993
684478
684587
684492
684511
684440
684995
685006
684945
684965
684618
684746
685121
684672
684584
684559
685043
684819
684615
684610
685029
684566
684471
684935
685119
684964
685115
684527
684782
684944
684838
684815
684923
684652
684619
684532
685099
685487
685635
685332
685241
685638
685379
685312
685237
685370
685619
685722
685278
685275
685313
685780
685486
685475
685478
685301
685464
685420
685554
685328
685608
685783
685764
685421
685553
685413
685300
685354
685401
685531
685603
685417
685327
685433
685227
685229
685488
685637
685361
685268
685522
685163
685158
685853
685265
685412
685850
685877
686039
686403
686408
686383
686497
685986
686031
686166
686350
686435
686041
686353
686447
686196
686029
686455
685906
686388
686018
686373
686026
686332
686396
686240
685990
686165
686282
685993
686399
686482
685932
685902
686468
686012
686285
686401
685903
686019
686381
685949
685908
685933
686454
685916
686377
686344
685992
686342
686325
686198
686742
686539
686667
686971
686898
686526
687088
686567
686956
686909
686975
687180
686954
686878
686571
686926
687167
686964
687169
687040
686584
687182
686907
687033
687038
686961
687116
686776
686537
686738
686884
686930
686596
686692
686833
687110
686696
686830
686599
686630
687011
686999
686737
687194
686525
686892
686644
686632
686647
686778
687115
686823
686897
686736
687087
686767
686815
686597
687056
687205
686977
687045
687029
686970
686870
686968
687527
687905
687441
687902
687289
687224
687400
687554
687227
687925
687889
687542
687924
687870
687520
687658
687867
687555
687350
687340
687345
687217
687361
687240
687358
687288
687916
687353
687894
687747
687539
687486
687806
687319
687531
687442
687218
687485
687318
687333
687336
687360
687241
687943
687521
687868
688134
688449
688182
688377
688212
688001
688149
688390
688507
688462
688049
688077
688301
688290
688427
688461
688043
688387
688484
688120
688542
688345
688032
688002
688294
688300
688308
688330
688379
688394
688223
688146
688220
688272
688061
688076
688506
688453
688386
688121
688457
688271
688218
688124
688274
688119
688460
688307
688465
688583
688819
688794
688683
688706
689062
688622
689050
688914
689211
688564
688559
688758
689124
688830
689187
689151
689105
688904
688913
688604
688717
688613
688566
688793
688646
689072
688674
688823
689060
688585
688907
688602
688557
688552
688943
688813
688751
688593
688693
688785
688784
689092
688694
688624
689158
688562
688788
688645
688700
689212
689129
688595
688591
688567
688600
689189
689019
689150
688761
689147
689021
689114
688834
689232
689756
689520
689314
689950
689302
689776
689890
689685
689310
689640
689471
689423
689532
689497
689363
689327
689257
689778
689611
689250
689847
689525
689530
689663
689309
689316
689891
689799
689428
689861
689845
689860
689877
689666
689493
689427
689489
689658
689858
689509
689654
689956
689755
689669
689507
689856
689787
689638
689692
689320
689288
689876
689958
689920
689251
689612
689805
689490
689479
689615
690504
689979
690503
690539
690509
690144
690446
690185
690142
689987
690223
690271
690301
690170
690140
690548
690557
689999
690331
690008
689984
690419
690451
690248
690528
690414
690227
690214
690448
690189
690558
690169
690208
690260
690330
690514
690157
690083
689978
690572
690573
690588
690415
690590
690529
690618
690273
690249
690423
689993
691197
690712
691092
691123
690920
690999
690642
690934
691303
690870
691110
691315
690685
690652
690694
690682
690701
690650
690627
691191
690960
691001
691384
690841
691188
691301
690852
690936
690847
691124
690855
691263
690988
690929
690638
690706
691198
691367
690986
691375
690916
691267
690840
690639
690873
690693
691187
691005
691313
691072
690993
690869
691109
691093
690939
691519
691648
691537
691517
691625
691412
691431
691684
691898
691561
691692
691671
692042
691895
691817
692036
691601
691888
691911
691682
691424
692020
691744
691588
691440
691452
691577
691935
691669
692021
691579
691575
691457
691897
691521
691877
691894
691647
691628
691622
691658
691515
691395
691907
691853
691678
691815
691573
691912
692367
692211
692075
692566
692169
692363
692495
692505
692675
692347
692533
692492
692502
692448
692155
692250
692097
692693
692168
692493
692296
692697
692294
692326
692248
692073
692455
692394
692512
692440
692265
692618
692438
692501
692509
692526
692277
692142
692212
692109
692668
692071
692078
692305
692563
692484
692386
692346
692384
692551
692486
692447
692320
692653
692678
692508
692622
692283
692184
692439
692186
692534
692398
693367
693206
693179
693247
693407
693372
692899
693122
692867
692803
693153
692849
693120
693125
692939
692984
692909
692757
692848
692988
693127
693181
693046
692986
693051
692946
692940
693404
693313
693021
692942
692743
693366
693023
692990
693270
693158
693249
693155
692852
693100
692975
692970
693402
692979
693735
694050
693815
694142
693870
693641
693609
693440
693468
693586
693617
693535
693806
693522
693833
694033
693803
693669
693646
694010
693919
694145
693772
693495
693883
694156
693977
693466
693519
693458
693463
693501
693446
694039
694034
693633
693874
693706
694136
693774
693767
694139
693512
694134
694158
693424
693918
693467
693635
693618
693896
693670
694096
694041
693437
694352
694294
694520
694462
694194
694474
694421
694426
694779
694774
694547
694440
694666
694580
694866
694863
694748
694634
694764
694378
694816
694772
694740
694769
694519
694263
694548
694367
694195
694295
694578
694750
694399
694697
694380
694640
694351
694475
694825
694635
694171
694674
694168
694400
695213
695078
695086
695472
695120
694954
694997
694932
695141
695149
695321
695071
695551
695079
695157
695091
695446
695367
695526
695018
695053
694977
695023
695135
694944
695380
695415
695066
694973
694999
695288
694891
694957
695443
695163
695382
694961
695467
695092
694968
695519
695555
695319
695525
694975
694948
695465
695016
694955
695001
695103
695407
694950
695847
696032
696196
695904
695971
696018
696183
695898
695598
695621
695563
695602
696077
695593
696176
695628
696039
695690
695943
695635
695814
696239
695876
695978
696246
695581
695609
695931
696106
695928
696031
695646
696268
695578
696175
695592
695638
695725
695961
695875
695608
695612
695938
695781
695884
695911
696249
696022
695885
695760
696195
695669
696185
695922
695689
696137
695627
695615
695960
695724
695802
695771
695766
695807
695624
696472
696508
696938
696849
696796
696972
696565
696423
696772
696494
696350
696786
696392
696340
696422
696587
696361
696469
696290
696784
696753
696863
696828
696907
696887
696974
696779
696359
696674
696510
696881
696487
696490
696759
696792
696748
696479
696337
696933
696869
696467
696367
696641
696626
696935
696899
696896
696716
696599
696594
696888
696682
696797
696678
696780
696391
696827
696847
696543
696396
696432
