627744
627741
627788
627655
627496
627757
627313
627312
627250
627756
627467
627522
627862
627781
627275
627506
627384
627524
627698
627680
627695
627614
627471
627612
627648
627806
627914
627683
627701
627309
627901
627304
627465
627704
627256
627301
627904
627800
627259
627849
627521
627899
627525
627369
627385
627517
627296
627740
627307
627420
628300
628367
628048
628461
628284
628256
628491
628173
628297
628282
628215
627959
628098
628448
628515
628126
628450
628116
628221
628022
628369
628549
628193
628372
628419
628331
628490
628171
628424
628425
628021
628134
628255
628371
628434
628375
628524
628281
628336
628722
629283
628822
629197
629145
628829
629106
628783
629236
629261
629129
629038
628809
629202
628781
629155
628779
629063
628969
629198
629001
629276
629285
628951
629237
628952
628960
629252
629260
628825
628937
629123
628863
628655
628843
629278
629062
629245
629097
629000
628967
628864
628938
629247
628812
629028
628821
628695
628732
629870
629372
629591
629388
629353
629823
629895
629785
629919
629767
629501
629947
629655
629917
629836
629667
629360
629884
629432
629494
629402
629502
629900
629790
629379
629587
629629
629545
629632
629624
629851
629918
629765
629663
629992
629404
629948
629590
629659
629882
629662
629968
629380
629638
629384
629899
629541
629626
629894
629993
629628
629470
629636
629966
630565
630484
630471
630448
630333
630239
630354
630668
630633
630468
630277
630038
630504
630265
630182
630151
630630
630021
630626
630185
630232
630261
630256
630055
630459
630234
630081
630389
630620
630478
630420
630023
630599
630147
630598
630240
630695
630325
630034
630617
630432
630715
630609
630417
630664
630356
630179
630614
630347
630472
630390
630566
630714
630665
630302
630474
630635
630615
630027
630072
630319
630045
630252
630449
630439
631048
631004
630819
631410
630836
631202
630817
631164
631353
630984
630748
630828
630726
630998
631130
631350
630826
631050
630850
631326
630805
630733
630830
631274
630732
631163
631147
631179
631271
631226
631144
631349
631165
631377
631269
631225
630839
631267
630837
630751
630820
630972
631959
631543
631445
631510
631887
631772
631572
631595
631437
631740
631743
631684
631716
632121
631530
631450
631936
631835
631686
631714
631788
631885
631952
631991
631850
632063
632085
631594
631811
631680
631809
631609
631889
631719
631520
631834
631878
631779
631528
631884
631612
632092
631512
632084
631948
631534
631449
631446
631500
631940
631431
631605
631516
632784
632466
632527
632453
632513
632851
632535
632231
632281
632310
632286
632474
632501
632844
632756
632821
632479
632846
632801
632476
632452
632715
632467
632567
632517
632693
632739
632300
632273
632582
632303
632632
632634
632788
632254
632820
632798
632568
632259
632354
632592
632738
632807
632525
632241
632694
632714
632537
632502
632755
632369
632364
632307
633053
633451
633172
632953
633414
633384
633361
633057
633530
633050
633438
633292
633389
633241
633357
633116
633478
633002
633341
633374
633003
633391
632865
632995
633421
633442
633265
633473
633215
633059
632954
632956
633471
633291
633342
633217
633420
632901
633368
633432
633415
633324
633422
633286
633425
632960
633486
633284
632955
633430
633269
633240
633481
633055
633051
633453
632966
632938
633008
632989
632964
632999
633727
633731
633807
633699
633680
633599
633885
634204
634215
634198
633923
634130
634032
634135
633932
634122
633902
633648
633597
634206
633761
633952
633770
634125
634046
634209
633726
634214
633755
633730
633594
634058
633679
633600
633559
633942
633953
633813
633896
633765
633780
633763
634057
634110
634212
634085
634095
634083
634099
634115
634129
634021
634872
634520
634589
634867
634741
634672
634662
634869
634594
634613
634430
634608
634272
634408
634775
634380
634927
634615
634649
634521
634964
634566
634599
634734
634325
634393
634288
634238
634929
634409
634568
634609
634725
634573
634590
634251
634766
634601
634603
634686
634661
634716
634774
634764
634703
634418
634653
634416
634575
634474
635020
635388
635229
635052
635068
635150
635155
635574
635600
635558
635366
635276
635660
635304
635073
635526
635115
635570
635015
635354
635469
635677
635198
635477
635563
635221
635587
635169
635201
635216
635245
635598
635277
635560
635387
635118
635577
635048
635167
635045
635239
635507
635406
635217
635227
635586
635681
635408
635306
635474
635661
635694
636005
635838
635766
635958
636071
636235
635891
636133
636171
636068
636127
636115
635987
635699
636140
635807
636234
635872
636260
635804
636251
636119
636307
636304
636121
636113
636137
635782
636195
635780
636257
636160
635737
635954
635796
635952
636082
635957
635938
636003
635942
635753
635889
636185
635835
636081
635865
636194
636263
636135
636300
635739
636551
636573
636541
636518
636802
636715
636887
636682
636940
636818
636454
636859
637004
636513
636919
636875
636878
636330
636516
636914
636860
636898
636784
636380
636417
636600
636778
636611
636896
636925
636681
636990
636604
636375
636933
636806
636801
636537
636566
636325
637003
636928
636911
636935
636387
636385
636577
636435
636746
636509
637537
637488
637390
637408
637190
637282
637193
637130
637495
637289
637215
637202
637069
637256
637053
637348
637211
637589
637630
637536
637283
637277
637541
637056
637447
637686
637121
637701
637400
637429
637452
637482
637403
637454
637718
637052
637446
637416
637293
637716
637054
637814
637912
637817
638429
638237
637843
638090
638296
637952
638024
638338
638269
638259
638239
637848
638297
638041
638440
637850
638280
638375
638118
637761
637939
638148
637944
637974
638089
638339
638064
638408
637945
638039
638108
638303
638374
638016
638248
637941
638228
637910
638426
637960
638014
638427
638115
638431
638149
637811
637973
638407
637951
638279
638946
639124
638927
638574
639092
639033
639107
638562
638942
639070
639102
638973
639140
638602
638976
638693
638793
638501
638481
639093
638504
638708
638820
639117
639106
638998
638945
639104
638817
638593
638972
639046
639141
639016
639000
639021
638591
638503
638786
638956
639859
639335
639177
639272
639522
639441
639296
639331
639437
639358
639572
639445
639472
639408
639741
639264
639333
639497
639584
639812
639353
639797
639484
639430
639573
639785
639538
639397
639748
639446
639726
639356
639480
639451
639583
639724
639352
639447
639808
639439
639857
639299
639396
639304
639334
639747
639160
640493
640473
640404
640248
639948
640368
640115
639993
640460
640138
640458
640350
640451
640366
639992
640537
639875
639919
640005
640143
639949
639870
640283
640502
640200
640516
640472
640431
639966
640490
640163
640147
640216
640287
640413
640495
640351
640133
640453
640247
640359
640149
640144
640402
639951
640231
640234
639881
640504
640085
640168
640229
640515
640491
640430
640538
640201
640073
640135
639876
640123
640450
640130
641025
641030
640972
640930
640925
640868
640682
640672
641066
640847
640744
641175
640932
640921
640826
640886
640924
640889
641114
640842
641131
640594
641134
640732
641028
640953
641116
640692
640638
641211
640918
641067
641214
641108
640828
640911
640819
640964
640929
641159
641161
640821
641112
641033
640793
640933
641082
640823
640963
641110
640879
640637
640881
640954
640976
641746
641388
641543
641631
641729
641355
641326
641762
641787
641800
641285
641577
641548
641630
641533
641512
641678
641444
641707
641622
641230
641404
641497
641272
641280
641595
641348
641269
641791
641409
641524
641802
641836
641347
641289
641575
641389
641605
641236
641647
641743
641259
641232
641279
641354
641264
641510
641438
641526
641682
641834
641679
641532
641793
642438
642051
642045
642529
642493
641917
642468
642053
642253
642138
642262
642101
642006
642245
642212
642251
642027
642457
642580
642207
642498
642577
642431
642595
642157
642131
642108
642325
642007
642263
642582
642528
642102
642439
642024
642257
642224
642578
642500
642458
642425
642044
641973
641914
642132
642238
642137
642420
642109
642467
642234
643250
642696
643012
643048
642703
642626
643083
643047
642868
642729
642678
643135
642629
642856
642879
643199
643094
642616
643101
643055
642672
642858
642810
642655
643005
642916
642951
642789
643171
643163
642787
642713
643021
643104
642872
642855
643213
643252
643082
643238
643233
643240
643169
643061
642793
643162
643261
643073
642806
642673
643200
642656
644020
643540
643990
643682
643749
643613
643418
643736
643838
643449
643404
643946
643573
643514
643386
643737
643837
643659
643635
643991
643821
643395
643721
643686
643745
643621
643468
643397
643614
643929
643450
643856
643822
643735
643724
643886
643531
643692
643750
643719
643902
643920
643951
643904
643887
644010
643485
643574
643660
644068
644175
644219
644168
644173
644070
644439
644395
644675
644251
644389
644590
644311
644566
644510
644237
644391
644213
644663
644274
644249
644428
644638
644227
644479
644138
644390
644394
644407
644461
644438
644169
644088
644317
644215
644069
644122
644319
644067
644526
644275
644109
644197
644636
644456
644262
644056
645283
644971
645299
645102
645330
645193
645032
644916
645262
644999
645279
645271
645012
644983
645010
644809
645216
645265
645022
644834
645172
645142
645152
645001
645226
644870
644981
645296
645164
645119
644823
645245
645194
645272
645376
644878
645153
645101
645331
644769
645029
644733
645112
645263
645021
645005
644799
645371
645179
645138
644963
645244
645071
645157
645121
645018
644915
645160
645754
645770
645549
645745
645870
645502
645948
646015
645664
645557
645980
645874
645662
646007
645982
646002
645415
645621
645890
645509
645466
645978
645976
645603
645900
645822
645768
645866
645583
646009
645681
646047
645869
645435
645876
645668
645941
645578
645750
645408
645508
645864
645915
645940
645972
645560
645551
645657
645423
645526
645521
645615
646386
646239
646621
646686
646767
646583
646558
646674
646435
646542
646280
646372
646227
646477
646224
646705
646101
646128
646197
646189
646376
646746
646126
646323
646546
646384
646682
646409
646692
646714
646389
646694
646279
646236
646091
646161
646370
646312
646395
646123
646582
646185
646095
646238
646617
646350
646660
646480
646619
646734
646713
646378
646375
646732
646683
646663
646121
646221
646229
646768
647326
647334
647067
646993
647331
647070
646790
647085
647026
647020
646908
647045
647385
646878
646976
646999
646827
647142
647003
646954
646910
647291
647242
647077
647224
647219
647138
647107
646874
646788
646994
646966
647075
646991
647105
647389
646872
647005
647046
647191
647139
647144
646922
647183
647292
647327
647069
647316
646964
646959
647083
647217
647215
646990
647245
647081
646947
646826
646934
647285
646998
646815
647746
647764
647695
647766
647920
647544
647534
647539
647511
647937
647555
647552
647446
648004
648001
648024
647871
647693
647876
647701
647984
647587
647910
647586
647597
647745
647762
647593
647971
647710
647873
647740
647953
647862
647938
647742
647983
647763
647911
647985
647858
647437
647952
647863
647619
647928
647685
648005
647443
647639
647558
648002
647636
648022
648706
648597
648195
648156
648628
648609
648626
648170
648468
648262
648365
648368
648543
648300
648646
648180
648647
648145
648090
648574
648132
648286
648704
648399
648347
648254
648269
648624
648688
648157
648369
648539
648166
648672
648469
648396
648366
648696
648575
648610
648599
648498
648533
648497
648581
648698
648409
648253
648343
648709
648517
648197
648167
648092
648311
648100
648834
649012
648859
648960
649113
648818
649024
648921
648854
649209
649292
648852
649329
649353
649264
648858
648778
649345
649020
648773
649053
649255
648797
648837
649291
649229
649125
649172
649352
648817
649339
649006
649233
648981
648922
649008
648989
648795
648810
649124
649259
649226
649062
648774
648971
649224
649470
649548
649512
649748
649590
649503
649781
649501
650037
649886
649757
649915
649938
649417
649730
649740
649755
649430
649569
649792
649658
649789
649811
650041
649910
649955
649861
649731
649777
649416
649468
649568
649998
649659
649788
649780
649939
649454
649981
649956
649927
650312
650095
650065
650324
650218
650307
650199
650215
650134
650477
650360
650704
650418
650249
650206
650397
650591
650478
650473
650087
650187
650706
650470
650232
650346
650228
650270
650250
650511
650411
650714
650364
650343
650332
650076
650214
650235
650061
650331
650651
650268
650221
650074
650066
650412
650521
650809
651164
650925
651072
651339
650833
651391
651335
650886
650921
651253
651099
650951
650966
651334
650968
651154
651422
651298
650940
650779
650824
651251
650754
651314
650881
650812
650945
650851
651020
650912
651166
651387
650952
650832
651417
651393
651070
650826
650756
651385
650811
651158
651338
650803
650850
650994
651341
650947
652006
651816
652144
651995
652071
651909
651734
652014
651730
652059
651693
651920
651827
651929
651451
651695
651890
651516
651950
652133
651980
651464
651511
652044
651794
651680
652077
652005
651867
651769
651899
651655
652097
651682
652055
651796
651866
651661
651766
651455
652096
651889
652075
651845
651906
651817
651539
652001
651922
651729
651887
651842
651543
651934
651463
651587
651563
652618
652429
652488
652573
652798
652417
652598
652571
652715
652514
652456
652561
652586
652328
652257
652486
652544
652166
652774
652332
652305
652307
652560
652283
652316
652254
652683
652775
652545
652366
652577
652424
652744
652650
652718
652167
652651
652517
652529
652512
652371
652585
652533
652856
653183
653283
653033
653411
653365
653419
653134
652854
653217
653187
652898
653062
653006
653089
653070
652941
653438
652874
653420
652976
653261
653182
653480
653067
653144
653161
653276
653482
652943
653155
652893
653150
653263
652855
653443
652955
653038
653473
653132
653366
653056
653472
653007
653437
653034
653240
653413
652934
652890
652972
652872
653068
652945
652865
653137
652860
653915
653889
653745
653506
653885
654115
653631
653539
654082
653918
653839
653803
653779
654121
653833
653951
653826
653806
653965
654019
654071
653674
653611
654027
654014
653508
653661
653890
653816
653743
653983
653768
654096
653814
653838
653984
654025
653829
654102
654122
653914
653968
653529
653573
653541
653532
654016
653753
654107
653630
653924
653767
653559
654104
653739
653807
654154
654018
653534
653920
654036
654069
654039
653800
654341
654413
654616
654589
654227
654564
654189
654286
654657
654754
654471
654644
654558
654809
654796
654266
654201
654281
654646
654366
654562
654422
654756
654698
654693
654220
654729
654755
654478
654731
654663
654656
654399
654692
654376
654217
654203
654219
654571
654349
654797
654280
654351
654808
654416
654757
654702
654615
655139
655446
654908
654984
655361
655356
655229
654862
654903
654979
655128
654879
655159
655105
654910
655107
655457
655269
655157
655150
654871
654866
655001
654893
654918
654901
654971
655115
654898
654868
655337
655144
655230
655293
655054
655218
655142
655170
654981
655270
654939
655458
655355
654970
655339
656123
655638
655950
655568
655892
655780
655692
656094
656107
655913
656044
656074
655968
655548
655626
655967
655801
656046
655670
655660
655560
655722
655667
656018
655893
655549
655628
656114
656106
655943
656040
656098
655993
656122
656067
656146
655643
655949
655704
655849
655661
655586
655703
655677
655641
656177
655859
656100
656189
655986
655730
655871
655936
655630
656798
656899
656346
656305
656901
656360
656872
656368
656466
656292
656568
656748
656802
656452
656849
656627
656288
656860
656892
656567
656711
656628
656750
656797
656890
656436
656615
656832
656887
656293
656864
656841
656656
656809
656415
656487
656844
656829
656834
656893
656921
656523
656341
656273
656470
656467
656275
656438
656350
656402
656923
656616
656302
656451
656407
656269
656366
656263
656524
656710
656391
656874
656863
656548
657255
657418
657122
657385
657399
657154
657483
657219
657087
657110
657075
657085
657026
656960
657335
657435
657214
657120
657173
657558
657082
657495
656982
657506
657247
657140
657079
657343
657111
657178
656984
656979
657123
657208
657309
657359
657556
657503
657306
657043
657147
657143
657419
657032
657452
657383
657132
657168
657254
657157
657024
657016
657229
657344
657812
658092
658148
658105
657642
657964
657833
657856
657867
657848
658204
657865
657855
657818
657821
658057
658098
658282
658090
657944
657998
657979
657827
657770
657946
657859
657641
658152
657991
658182
658149
658180
658281
657715
658058
658189
657986
657781
658122
657683
657860
657783
658137
658682
659087
658665
658655
658666
658414
658647
658563
659069
658662
658380
658924
658816
658501
658570
658578
659012
658745
658495
658684
658764
659023
658878
658625
658412
659032
658876
658507
659094
659077
658478
658817
658346
658381
658595
659022
658899
658970
658805
658926
658981
658646
658748
658705
658758
658813
658898
658338
658991
658852
658659
659072
658850
658811
658806
658633
658580
658596
659792
659585
659142
659163
659168
659192
659634
659651
659823
659629
659390
659180
659853
659652
659842
659508
659520
659189
659314
659253
659787
659203
659789
659846
659636
659794
659391
659211
659387
659848
659464
659206
659628
659638
659633
659522
659436
659164
659497
659132
659323
659148
659365
659278
659251
659134
659466
659495
659140
659204
659856
659683
659363
659802
659190
659504
659549
659586
659991
660407
659956
660530
660549
660188
660258
660159
660125
660560
659998
660044
660006
659981
660095
659912
660478
660198
659925
660025
660479
660117
660252
659895
660390
659957
660160
659982
660376
659909
660472
660194
660197
660535
660348
660202
660216
660559
660177
660021
660043
660485
659916
659974
659927
659904
660801
660689
661075
660702
661125
661148
661130
660775
661189
661199
661210
661121
660899
660657
661176
661011
660654
660915
660954
660611
661167
660734
660768
661061
661190
660735
660784
661020
661212
660779
660973
661242
660762
661264
660755
660712
660603
660620
661183
661266
661050
661077
660650
660863
661230
661001
660653
661339
661353
661881
661469
661973
661883
661473
661694
661348
661951
661756
661937
661626
661723
661923
661855
661662
661382
661932
661891
661911
661691
661864
661304
661354
661467
661880
661478
661958
661367
661441
661326
661884
661658
661432
661470
661854
661899
661605
661975
661980
661455
661349
661429
661984
661436
661569
661783
661327
661779
661481
661936
661912
661900
661931
661642
661597
661945
661856
661592
661383
661630
662544
662100
662226
662249
662388
662402
662216
662305
662372
662221
662138
662504
662259
662506
662457
662181
662364
662274
662609
662401
662374
662148
662561
662101
662257
662624
662227
662185
662141
662030
662024
662065
662851
663205
662740
662973
662770
663067
663299
663063
663099
663104
663065
663040
663101
663346
662996
663192
662888
663225
662945
662856
662853
663111
662864
662971
663142
662966
662939
662823
663345
663020
663256
663097
663261
663320
663120
662750
662771
663094
662695
662739
663186
663281
662992
662828
662718
662937
663283
663173
663048
663118
663143
663226
662777
662722
663043
662880
663573
663534
663606
663424
663930
663448
663475
663571
664059
663771
663739
663804
663704
663707
664039
664057
663871
664061
663635
663446
663441
663677
663997
664080
663511
664025
663747
663703
663964
663777
664020
664052
663931
663779
663802
663425
663566
663428
663897
663641
663996
663438
663506
663604
663642
664018
663526
663813
663801
663883
664088
663662
663430
663934
663518
663483
663781
664439
664429
664585
664323
664550
664637
664459
664526
664788
664761
664211
664592
664695
664209
664421
664338
664287
664436
664638
664668
664562
664412
664357
664371
664499
664369
664260
664460
664754
664584
664389
664410
664449
664430
664770
664475
664696
664423
664359
664498
664493
665488
664873
664854
665076
664937
664927
664899
665008
665454
665199
665127
665010
665137
665452
665262
664814
665462
665467
665406
665264
664906
665311
665077
665200
665261
665128
665177
665461
665014
665185
665153
665469
665017
665148
664930
664898
665375
665525
664977
664999
664921
664860
665260
665528
665093
665373
665324
665258
664955
664883
664855
666070
665639
665889
665698
665750
665968
666178
665948
665619
665704
665628
665802
665643
665937
665641
665682
665546
666127
665693
665737
665858
665912
665752
665887
665735
666084
665732
665966
665738
665679
665584
666071
666207
666066
665942
666211
666119
665631
666249
665911
665629
665916
666068
665550
665936
666033
665859
665794
665692
665583
666435
666336
666921
666632
666852
666960
666477
666500
666749
666575
666962
666630
666471
666812
666396
666423
666810
666909
666817
666512
666554
666613
666743
666528
666531
666515
666666
666525
666374
666595
666745
666381
666819
666376
666910
666513
666539
666422
666823
666361
666431
666521
666394
666779
666511
666530
666383
666597
666967
666633
666541
666577
666791
666333
666811
666983
666821
666841
666873
666470
667223
667667
667634
667687
667639
667487
667701
667064
667208
667072
667142
667205
667097
667717
667629
667285
667526
667555
667222
667620
667739
667122
667471
667641
667699
667327
667155
667614
667182
667626
667544
667053
667333
667520
667488
667438
667630
667682
667495
667498
667601
667118
667325
667623
667111
667066
667621
667490
668170
667753
668156
668224
668122
668083
667933
667841
668216
668323
667866
668282
667899
667813
668002
668141
668343
668031
667993
668123
667948
667935
667848
668045
667971
668152
668169
668029
668219
668146
667902
667807
667915
668333
667798
667796
667857
667831
668271
667804
667785
668062
667812
667805
668042
668308
668281
667832
668044
668324
668571
668533
668474
668566
668589
668594
668586
669179
668891
668745
669025
668766
668653
668483
668655
669193
668894
668889
668940
669013
669121
668576
668646
668581
668573
668744
669151
668717
668593
668626
668858
668881
668526
668697
668812
668634
668664
668556
668815
668973
668917
668952
668817
669097
669058
668582
669078
668482
668536
668528
668932
669150
668701
668780
668822
668892
669080
668735
669178
668918
669037
669068
668647
668663
668475
669195
668572
669538
669681
669425
669430
669638
669808
669628
669579
669534
669849
669533
669392
669826
669485
669490
669368
669531
669575
669692
669321
669377
669248
669731
669723
669431
669687
669714
669398
669274
669682
669768
669519
669273
669424
669716
669783
669246
669530
669481
669627
669655
669637
669540
669510
669830
669319
669560
669810
670476
670628
670342
670279
670309
670294
669965
670427
670455
670188
670617
669974
670397
670452
670259
670281
670125
670092
670354
670367
670420
670531
670612
670267
670369
670269
669972
670454
670353
669964
669883
670475
670344
670398
670287
669961
670069
670434
669966
670325
670592
669882
670535
670323
670587
670611
670293
670030
670076
670129
670124
670255
671221
670718
670696
671111
671043
671172
671044
671093
670988
671046
670928
670840
671023
671246
670925
671097
670967
671304
671047
670934
671122
670862
670754
670956
671081
670822
670975
671112
670871
671012
671048
671100
671289
670719
671242
671226
670874
670888
670864
670923
670896
670841
670866
670876
670805
670821
671082
671272
670825
671220
671102
671605
671676
671842
671748
671976
671467
671948
671667
671879
671859
671967
671881
671515
671933
671804
671862
671738
671539
672001
671983
671735
671685
671819
671947
671468
671360
671474
671369
671752
671689
671932
671807
671694
671356
671436
671366
671486
671377
671533
671739
671352
671585
671379
671728
671361
671370
671381
671595
671508
671820
671670
671545
671703
671673
671731
671893
671618
671631
671981
672000
671781
672518
672063
672641
672227
672569
672319
672577
672489
672575
672651
672395
672431
672585
672426
672649
672659
672235
672307
672167
672610
672643
672228
672328
672584
672348
672378
672559
672035
672390
672297
672251
672505
672234
672246
672507
672432
672543
672298
672099
672716
672392
672421
672069
672166
672322
672508
672338
672311
672677
672357
672350
672712
672680
673413
673169
673295
673023
673054
673366
673248
672813
672734
672764
672736
672797
673128
673116
673061
672737
672965
673232
673306
673212
673238
673222
672982
672758
673370
673294
673174
673060
673070
673257
673102
673165
673374
672961
673409
673372
673269
673321
673280
672934
673328
672892
673301
673503
673688
673500
674116
673693
673912
673715
674121
673711
673517
673928
673697
673689
673591
673450
673666
673694
673883
673833
673519
673858
673828
673869
673957
673929
673723
673959
673718
673608
673485
673716
673881
673606
673506
673740
673451
673664
673743
674742
674434
674798
674700
674633
674336
674734
674183
674437
674333
674306
674198
674796
674305
674235
674241
674440
674254
674182
674207
674177
674202
674590
674332
674761
674794
674743
674482
674344
674257
674713
674728
674698
674722
674711
674287
674487
674237
674339
675531
675452
675336
675225
675449
674921
675471
675502
675299
675221
674913
675520
675324
674958
674895
674940
675077
674854
675076
674868
674861
674911
674841
675193
674965
675334
675026
675168
674883
675226
675503
675250
675467
675434
674926
675432
675176
675308
675451
674919
675251
674885
675313
675172
674955
675091
674897
675146
674824
675219
675025
675375
675224
675673
675765
675643
675612
675676
676124
676079
676065
676148
675719
675950
676055
675956
675831
675964
675756
676050
675962
676123
675692
675659
675766
675922
675675
676154
676134
675557
676081
675837
675549
675699
675875
675830
676567
676441
676462
676520
676356
676303
676167
676649
676170
676743
676553
676579
676440
676413
676289
676363
676319
676330
676577
676710
676308
676519
676460
676737
676504
676305
676458
676552
676796
676493
676502
676648
676491
676563
676328
676607
676464
676733
676176
676701
676288
676188
676670
676609
676468
676397
676646
676370
676382
676284
676798
676679
676947
677205
677296
677055
677186
677305
676963
677343
677281
677141
677461
677543
676864
677459
677042
677085
677544
677174
677487
677326
677342
677415
677034
677379
676965
676934
677374
676936
677259
677059
677498
677485
677298
677198
677536
677173
677185
677522
677077
677537
677384
677033
677250
676937
677608
677839
677616
677613
677967
677713
677731
678052
678011
677949
677901
678130
677950
678164
677593
678107
677985
677754
677871
678129
677646
677738
677741
677832
677743
677605
677715
677999
678227
677644
678232
678141
678143
677863
677771
677997
678056
677909
677841
677968
677579
677976
677609
677973
677726
678170
677648
677808
677984
678172
677849
677737
678165
677959
677759
678225
678106
678010
677604
678230
678425
678771
678804
678535
678702
678682
678652
678407
678743
678324
678453
678665
678894
678773
678803
678664
678758
678418
678489
678309
678491
678789
678653
678536
678795
678671
678805
678681
678617
678455
678757
678320
679270
679379
679343
679215
679288
679446
679401
679181
679146
679531
679251
679527
679395
679423
679320
679210
679533
678986
679365
679528
679492
679286
679023
679403
679053
679298
679110
679328
679191
679094
679465
679347
679148
679378
679542
679394
679115
679335
679054
679035
679158
679319
679135
679257
679252
678999
678996
679249
679637
679769
679996
679635
679676
679641
679910
680207
680246
680134
680030
680005
679907
680225
679687
679895
679868
679790
679785
679690
679836
679744
679667
679831
679762
679856
679994
680226
679947
680006
680174
680206
680251
680023
679626
679601
680194
679809
679844
679621
679650
679651
679756
679870
679723
680258
679855
679807
680028
679913
679763
679949
680137
679786
680173
680135
679896
679616
680352
680707
680575
680461
680522
680530
680961
680368
680323
680644
680973
680626
680537
680570
680464
680444
680520
680512
680535
680623
680642
680612
680962
680786
680915
680920
680712
680912
680347
680571
680417
680706
680353
680573
680445
680826
680335
680511
680531
680541
680449
680882
680828
680949
680808
680919
680325
681006
681003
681661
681514
681029
681236
681019
681099
681266
681238
681142
681098
681692
681151
681706
681045
681031
681711
681280
681683
681359
681637
681539
681154
681373
681248
681738
681012
681693
681010
681537
681516
681360
681441
681086
681739
681529
681436
681332
681368
681330
681253
681020
681066
681135
681533
681000
681017
681168
681684
681942
682092
682219
682074
682341
682324
682333
682070
682230
682137
682402
682128
682153
682184
681949
682079
681826
681907
681990
682371
682210
682334
682248
682090
682304
682110
682129
681824
681941
682047
682319
682208
681874
682152
682113
682250
681992
682285
682136
682305
682238
682578
682949
682478
682528
682740
682573
682862
682748
682970
682512
682707
682881
683064
682985
682971
682713
682615
683030
682963
682733
682989
682480
682530
682674
682519
682908
682898
682747
683054
683042
682950
682896
682863
682598
682609
683011
682568
682552
682496
682789
682596
682904
682849
682623
682525
682570
682802
682664
683010
682429
682962
682549
683070
682537
682787
682800
683529
683523
683709
683356
683123
683394
683330
683352
683645
683425
683389
683436
683442
683225
683583
683595
683521
683641
683149
683491
683227
683224
683530
683647
683427
683639
683359
683235
683738
683711
683582
683438
683653
683388
683320
683735
683688
683485
683353
683156
683226
683323
683081
684067
684358
683949
683857
684043
684099
684341
684157
684255
684252
684152
683910
683938
684311
684212
684425
684195
684150
684192
684147
683883
684217
684131
683879
683936
684039
683812
683947
683930
684361
684347
684320
684418
684015
684403
684017
684190
683937
683878
684307
684404
683926
683932
683935
684158
683865
684384
684352
684007
683885
684329
684319
684416
684093
683990
684680
684677
684917
685032
684723
684953
684900
684721
685001
685095
684875
684795
684504
684460
684475
684728
684972
684521
684473
684463
685039
684573
684451
684859
684751
684469
684514
684692
684702
685049
684507
684903
684791
684683
684861
684885
684738
685033
685036
685000
685038
685834
685429
685796
685171
685582
685767
685685
685373
685847
685406
685591
685199
685617
685197
685169
685213
685362
685377
685833
685621
685797
685483
685821
685436
685642
685489
685805
685623
685389
685386
685408
685820
685351
685748
685523
685689
685477
685631
685654
685577
685535
685590
685842
685585
685793
685806
685391
685694
685414
685644
685626
685936
686052
686484
686149
686103
686184
686116
686486
686227
686222
685959
686416
686380
686428
686296
686215
686057
686179
686438
686218
686191
686068
686291
686274
685876
686132
686187
686421
685894
686460
685955
686420
686120
686358
685935
686473
686094
686118
686360
686122
685914
686369
685913
686192
686386
686139
686495
686330
686439
686203
686480
686328
686213
687081
687003
686504
686636
686945
686516
686664
686811
686819
686582
687099
686743
686911
687131
686652
686816
686627
686637
686774
687146
687069
687158
686731
687027
686938
686625
686649
686752
686775
686512
686915
686745
687100
686791
686759
687071
686662
686803
687083
686942
686651
686947
687026
687602
687597
687635
687446
687313
687863
687600
687544
687677
687613
687680
687718
687559
687721
687293
687302
687393
687751
687617
687847
687514
687820
687453
687850
687558
687642
687675
687743
687814
687272
687494
687796
687342
687258
687569
687649
687745
687772
687253
687619
687767
687788
687938
687339
687425
687811
687596
687873
687392
687477
687366
687610
687489
687793
687910
687818
687312
687774
687679
687666
687427
687665
687724
687687
687841
687690
687538
687789
687939
687509
687980
688129
687985
688027
688174
688415
688482
688404
688410
688260
688334
688287
688535
688479
688503
688028
688191
688067
688373
688184
688087
688391
688259
688517
688284
688248
688422
688430
688389
688314
688178
688105
688094
688111
688369
688316
688229
688339
688227
688392
688499
688407
688480
688504
688247
688501
688518
688797
689139
688959
689038
688747
688922
688609
688808
688961
688738
689094
689209
689047
688920
688637
688733
688871
689215
689033
689035
688615
688768
689096
688730
688978
689168
688855
688607
688769
688779
688952
689039
688941
688619
688936
688939
688806
688744
688847
688636
688728
688845
689208
688875
688712
689687
689829
689808
689885
689559
689682
689294
689473
689287
689441
689705
689710
689568
689227
689350
689322
689748
689409
689852
689842
689557
689850
689431
689381
689224
689828
689648
689383
689306
689923
689727
689747
689699
689574
689439
689883
689419
689303
689420
689626
689764
689841
689543
689570
689541
689768
689292
689485
689371
689323
690091
690254
690367
690044
690571
690349
689967
690601
690239
690236
690362
690019
690277
690483
690043
690360
690035
690525
690047
690253
690599
690077
690472
690314
690613
690178
690122
690341
690350
690383
690353
690184
690486
690048
690484
690430
690481
690263
690489
690365
690262
690526
690570
690034
690474
690454
690459
690382
690197
690090
690819
690673
691151
691148
690969
690664
690905
690823
691344
690764
691115
690784
691138
690768
690780
690630
690671
690888
691321
691141
690660
690771
690883
690714
691294
691296
690977
691024
690941
690791
690885
691083
690983
690788
691168
690763
691049
690633
691169
690907
690967
691022
690626
690854
691320
690778
690646
690767
690813
690781
690890
691025
690681
691971
691533
691466
691783
692000
691766
691989
691687
691454
691736
691731
691704
691984
691804
691709
691787
691400
691926
691524
692010
691444
691472
691765
691847
691923
691824
691977
691643
691623
691979
691540
691714
691999
691788
691826
691759
691738
691624
691597
691791
691796
691969
691511
691882
691508
691459
691545
691773
691803
691584
691776
691403
691784
691730
691748
692100
692586
692328
692246
692116
692639
692153
692253
692422
692624
692080
692180
692207
692252
692338
692223
692312
692407
692306
692093
692588
692262
692188
692424
692260
692303
692585
692240
692179
692215
692208
692236
692611
692217
692467
692151
692337
693014
693261
693258
692717
692961
693083
693190
693289
693183
692730
692810
692835
692881
692760
692812
692901
692824
693115
693140
693081
693266
693360
692898
692839
693116
692951
693188
693088
693016
693191
693186
693013
693071
693384
693001
693129
693184
693359
692994
692818
693077
693377
693131
692953
693272
693341
692819
693105
692761
692756
693292
692880
693217
693089
692750
693865
693745
693820
693979
694018
693750
693768
693532
693823
693565
693674
693999
693570
694100
694091
693552
693663
693825
693664
694103
693783
693944
693428
694001
693430
693872
694072
693933
693555
693566
693431
694081
693490
693834
694066
693942
693952
693766
694064
693481
693719
693879
693747
693940
693494
693571
694017
693953
693529
693521
693479
693851
694029
693689
694545
694691
694668
694829
694723
694332
694504
694232
694847
694604
694762
694406
694794
694479
694391
694338
694208
694292
694375
694346
694289
694436
694343
694611
694846
694733
694513
694792
694517
694386
694705
694334
694250
694853
694781
694305
694231
694389
694336
694536
694692
694356
694689
694828
694255
694573
694501
694812
694503
694715
694485
694855
694432
694303
694209
694557
694323
694301
694342
694415
694291
694288
695439
695037
695422
695431
695450
695170
695175
695414
695404
695122
694933
695192
695475
695114
695287
695003
695427
695193
694935
695067
695271
695230
695388
695480
695477
695300
695532
695502
695221
695356
695100
695227
694938
695199
695364
695405
695400
695223
695435
695176
695549
695069
695352
695531
695516
695225
695117
695248
695501
695413
695437
695372
695050
695298
695272
694881
695055
695842
696016
695819
696124
695734
696054
695730
696057
696144
695696
695737
695686
695700
696048
695806
696209
695787
695728
696043
695720
696051
695873
695923
696087
695755
696112
696138
695741
696109
695712
695684
695575
696008
696120
695862
696015
696088
696215
695572
696101
695744
695872
695821
695788
696044
696405
696417
696475
696530
696885
696293
696647
696902
696453
696806
696440
696879
696445
696442
696434
696945
696692
696936
696537
696931
696720
696734
696637
696522
696604
696873
696298
696901
696573
696656
696474
696648
696718
696437
696527
696596
696735
696658
696619
696941
696523
696435
696314
696908
696872
696446
696441
