0
330
202
249
208
518
138
132
512
499
244
75
589
288
523
494
282
63
80
115
535
539
119
281
387
296
457
79
446
495
245
74
566
37
307
253
201
114
534
577
26
511
131
333
3
146
157
325
593
419
51
262
431
268
520
414
60
195
83
261
438
199
376
432
216
506
367
324
586
415
329
250
194
58
592
52
334
4
377
89
311
217
428
271
422
366
507
587
240
413
490
339
9
48
42
84
147
335
5
156
41
323
318
312
70
85
110
530
193
272
278
421
69
391
386
297
456
529
447
255
121
243
567
493
306
410
36
524
576
27
64
128
122
320
259
525
254
392
73
398
113
533
190
65
448
409
173
442
298
484
292
354
165
13
90
28
22
568
404
562
359
220
489
343
485
516
136
355
206
21
561
127
470
164
441
169
291
397
286
405
550
549
508
502
464
170
427
212
218
185
378
372
436
93
10
105
56
235
47
469
544
582
223
588
141
340
465
184
239
109
473
148
581
142
234
277
189
501
211
104
317
266
553
545
371
463
480
229
350
158
152
475
94
276
361
99
543
316
555
400
267
224
368
426
362
559
95
183
160
437
474
233
57
479
103
46
225
151
554
174
517
460
137
353
207
483
345
571
31
301
14
126
19
381
451
179
403
396
540
287
344
382
458
175
388
452
180
15
163
230
578
572
100
349
308
38
302
32
191
269
423
97
186
435
43
55
106
236
321
227
264
418
412
328
466
322
120
477
434
59
411
192
439
198
54
273
557
390
265
313
546
204
111
531
289
514
134
177
420
166
17
71
40
242
209
248
139
519
492
284
498
486
356
515
135
205
347
123
241
491
118
538
112
532
270
285
78
72
310
406
393
487
203
357
591
513
133
346
251
125
68
62
395
260
528
283
407
522
61
176
399
430
16
167
124
521
129
50
252
394
258
200
424
510
130
467
49
8
338
2
332
476
275
44
82
88
263
556
315
429
280
547
425
319
81
433
96
187
279
107
274
237
53
45
226
331
1
314
153
145
374
7
337
468
231
462
504
326
214
590
101
548
509
181
542
584
219
87
379
196
182
188
375
541
144
363
215
380
450
505
585
416
30
300
232
238
461
149
108
102
570
150
29
569
444
358
482
352
294
488
408
449
527
76
402
564
299
161
116
536
67
24
401
168
162
360
295
453
383
445
33
496
257
303
246
565
25
481
573
351
18
12
370
178
443
385
172
455
500
293
210
563
256
497
247
580
35
305
575
341
23
579
140
309
348
39
342
384
454
34
304
526
77
459
389
11
171
574
537
117
66
154
92
373
98
551
503
440
213
365
290
417
560
222
471
228
583
159
20
221
478
143
336
155
6
472
327
364
369
558
91
552
86
197
