0 0
330 331
202 203
249 250
208 209
518 519
138 139
132 141
132 142
512 514
499 500
244 245
244 250
75 76
589 589
288 367
288 289
288 584
288 365
523 524
494 564
282 289
63 66
80 550
80 549
80 479
80 411
80 81
80 80
115 116
535 536
539 540
119 120
281 282
387 388
296 305
457 470
457 458
79 80
446 448
495 496
245 246
74 125
74 129
74 76
566 567
37 56
37 153
37 39
307 312
253 255
201 202
201 205
114 116
534 535
577 578
26 31
26 29
511 518
131 387
131 241
131 574
131 131
333 334
3 3
146 146
157 158
325 326
593 593
419 420
51 54
262 266
262 353
431 433
268 280
520 525
520 522
414 415
60 512
60 354
60 356
60 513
60 61
60 443
60 454
60 459
195 196
83 86
261 262
438 439
199 201
199 204
376 383
432 433
216 387
216 217
216 485
216 465
506 508
367 368
324 325
586 587
415 419
415 422
329 330
250 251
194 196
58 60
58 429
592 593
592 592
52 53
52 482
334 337
4 4
377 378
89 90
311 312
217 218
428 430
271 272
271 542
271 327
422 423
422 590
366 368
507 508
507 510
587 588
240 242
413 415
490 492
339 340
9 9
48 49
48 53
48 482
42 278
42 372
42 42
84 85
147 148
335 336
5 5
156 372
156 158
41 431
41 42
41 442
323 325
318 319
312 368
312 313
312 579
70 386
70 71
70 449
70 70
85 86
110 111
530 531
193 194
272 280
278 279
421 422
69 70
391 392
391 396
386 388
297 298
456 475
456 461
529 535
529 532
447 448
447 489
255 331
121 438
121 386
121 122
121 224
121 467
243 244
243 573
567 569
493 494
306 314
410 410
36 42
36 442
524 528
576 588
27 28
64 138
64 65
64 104
64 126
64 133
64 107
64 77
128 129
122 122
320 322
259 331
525 526
254 255
254 541
392 400
392 394
73 76
398 405
398 399
113 391
113 393
113 395
113 144
113 299
113 113
533 536
190 193
190 191
65 83
65 334
65 110
65 90
65 94
65 118
65 116
65 66
448 463
448 478
409 409
173 176
173 178
442 485
442 502
442 473
442 443
442 455
442 471
298 299
484 485
292 294
354 359
354 355
354 362
165 179
13 27
13 13
90 91
28 31
28 29
22 22
568 569
568 579
404 406
404 416
562 563
359 360
220 221
489 490
343 345
485 486
516 517
136 137
355 361
355 357
206 212
21 22
561 564
127 129
470 502
470 571
470 565
470 471
164 165
164 181
441 442
169 171
291 296
397 398
397 404
397 401
286 287
405 406
405 416
550 557
550 551
549 558
508 538
502 507
502 515
502 509
502 503
464 465
170 171
427 428
212 591
212 213
218 219
185 190
185 192
185 188
378 381
372 378
372 373
436 447
436 439
436 467
93 94
10 25
10 11
105 111
56 58
235 359
235 362
235 236
235 352
47 49
469 479
544 546
544 547
544 560
582 583
223 224
588 588
141 141
340 346
465 468
184 185
239 245
109 110
473 474
473 554
148 148
581 586
142 142
234 235
277 279
189 194
501 502
211 212
104 105
317 330
266 267
553 557
545 546
545 547
371 377
371 374
371 375
371 380
463 564
480 484
229 281
229 253
229 306
229 267
229 230
229 236
229 260
229 252
229 314
229 257
229 256
350 351
158 163
152 152
475 477
475 491
94 95
276 277
361 364
99 103
99 100
543 544
316 566
316 577
316 529
316 567
316 317
555 556
400 405
400 401
267 268
224 226
368 377
368 374
368 375
368 380
426 512
426 513
426 430
426 443
426 454
426 459
362 364
559 561
95 96
183 183
160 161
437 438
474 493
474 549
474 478
474 552
233 234
57 58
479 494
103 103
46 51
46 482
225 226
151 152
151 151
554 556
174 175
517 518
460 475
460 461
137 139
353 354
353 356
207 209
483 484
345 346
571 577
571 572
571 585
571 573
571 579
571 574
31 592
31 99
31 31
301 302
14 27
14 14
126 131
19 19
381 383
451 476
451 461
179 182
403 407
396 404
396 399
540 545
540 543
287 288
287 568
287 370
344 345
382 419
382 422
382 383
458 529
458 555
458 460
458 541
175 176
175 178
388 414
388 418
388 389
452 473
452 455
180 181
15 27
15 15
163 163
230 236
578 580
572 576
572 583
100 100
349 351
308 312
38 56
38 153
38 39
302 304
32 261
32 428
32 36
32 56
32 308
32 55
32 59
32 284
32 263
32 433
32 232
32 351
191 192
269 270
423 425
97 533
97 98
186 193
186 191
186 188
435 485
435 464
435 436
435 474
43 45
55 60
55 428
55 481
106 107
236 238
321 322
227 239
227 248
227 228
264 266
264 353
418 419
418 422
412 415
412 413
412 416
328 329
466 467
322 329
120 121
477 478
434 464
434 436
434 521
434 505
59 60
59 429
411 412
411 417
192 194
439 490
439 465
439 440
198 202
198 206
198 205
54 60
273 473
273 328
273 280
557 558
390 394
265 266
265 353
313 566
313 567
313 371
313 314
546 548
204 206
204 205
111 499
111 113
111 498
531 535
531 532
289 291
514 515
134 135
177 179
420 423
420 590
166 167
17 17
71 221
71 71
40 41
242 244
209 211
248 250
139 506
139 391
139 393
139 395
139 150
139 140
139 526
519 538
492 493
492 563
284 287
498 500
486 489
356 361
356 357
356 358
515 517
135 139
205 206
347 376
347 379
123 125
241 242
241 573
491 492
118 121
538 561
112 499
112 113
112 498
532 533
270 272
270 327
285 286
78 79
72 77
310 312
406 415
406 407
393 400
393 394
487 488
203 206
357 360
591 592
513 514
133 135
346 346
251 331
125 126
68 85
68 69
68 137
68 120
68 336
62 63
62 115
62 119
62 74
62 114
62 333
62 84
62 335
62 136
62 111
62 72
62 133
62 82
62 67
62 117
62 91
395 396
260 267
528 537
283 284
407 408
522 524
61 253
61 61
176 177
176 181
399 402
399 417
430 470
430 458
430 452
430 434
16 27
16 16
167 168
124 125
521 525
521 522
129 130
50 51
252 253
394 404
394 399
258 259
200 201
200 204
424 425
510 519
130 131
467 468
49 51
8 8
338 339
338 385
2 2
332 332
476 477
476 491
275 277
44 45
82 83
88 90
263 264
556 557
315 317
429 480
429 430
280 305
547 548
425 425
319 320
81 146
81 493
81 302
81 145
81 81
433 571
433 458
433 434
433 514
433 565
96 535
96 292
96 397
96 344
96 97
96 149
187 190
187 192
187 188
279 328
279 280
107 111
274 275
237 566
237 238
237 565
53 427
53 54
45 347
45 257
45 45
226 227
331 332
331 331
1 1
314 315
153 482
153 154
145 145
374 376
7 7
337 397
337 338
337 342
468 494
231 232
462 463
504 520
504 505
326 329
214 217
214 240
214 318
214 297
214 220
214 223
214 224
214 301
214 302
214 269
214 242
214 270
214 319
214 215
214 293
214 221
590 592
101 102
548 561
509 510
181 182
542 545
542 543
584 585
219 227
87 544
87 269
87 411
87 87
379 381
196 590
196 196
182 183
182 591
188 189
375 376
541 545
541 543
144 146
144 145
363 364
215 217
380 381
450 451
505 506
505 527
585 586
416 418
30 30
300 305
232 235
238 245
238 250
461 490
461 462
461 478
149 151
108 110
102 103
570 572
150 151
150 403
150 407
29 30
29 29
569 585
569 570
444 447
444 445
358 359
358 362
482 483
352 566
352 361
352 357
352 565
294 322
294 295
488 489
408 410
408 409
449 451
527 528
76 77
402 413
402 403
564 576
299 300
161 347
161 326
161 162
116 216
116 447
116 445
116 116
536 537
67 69
24 24
401 402
401 417
168 169
168 170
162 163
360 367
360 365
360 369
295 296
453 512
453 513
453 454
383 592
383 384
445 446
445 488
33 311
33 427
33 350
33 160
33 233
33 43
33 264
33 59
33 285
33 283
33 44
33 231
33 348
33 34
33 159
496 507
496 509
496 503
257 259
303 304
303 472
246 251
565 572
565 585
25 26
481 483
573 582
573 575
351 363
351 360
18 18
12 12
370 371
178 179
178 180
443 531
443 445
385 410
385 409
172 173
455 520
455 456
455 542
455 505
455 496
500 507
500 516
500 509
500 503
293 294
210 211
563 564
256 257
497 499
497 498
247 248
580 581
35 432
35 36
305 330
575 576
341 343
23 23
579 580
140 141
140 148
140 142
140 522
140 319
140 527
140 341
309 310
348 349
39 41
342 343
384 384
454 473
454 455
34 432
34 36
304 305
526 528
77 80
459 529
459 502
459 555
459 460
459 541
459 471
389 408
11 11
171 173
574 575
537 538
117 118
66 70
154 307
154 155
92 94
373 374
373 375
373 380
98 98
551 552
503 518
503 508
440 448
213 213
365 366
365 371
290 568
290 291
290 521
290 505
417 418
560 562
560 561
222 227
471 540
471 472
228 245
583 586
159 161
20 20
221 222
478 479
143 146
143 410
143 409
143 151
143 145
143 144
143 149
143 385
336 337
155 156
6 6
472 474
327 329
364 367
364 365
364 369
369 370
558 559
558 563
91 96
552 558
86 132
86 545
86 87
86 86
197 198
