224
319
196
573
2
496
333
266
355
502
349
72
386
526
350
252
163
64
463
301
564
371
293
26
504
473
213
56
173
80
74
239
537
37
575
403
489
361
556
222
320
243
189
103
4
446
38
325
206
146
281
562
62
254
431
416
276
399
538
85
131
116
172
377
472
310
212
102
571
402
307
242
340
96
223
334
563
308
126
294
426
345
359
315
464
378
63
164
437
332
230
137
3
89
104
395
244
574
404
180
368
156
73
174
287
456
480
214
503
474
329
367
462
162
288
185
31
16
546
253
485
390
292
46
438
531
138
516
235
338
297
25
490
190
260
362
221
467
167
99
525
385
468
129
520
380
282
561
356
168
429
374
265
432
337
298
132
20
61
495
195
304
50
86
115
415
275
572
178
364
478
218
1
108
501
408
248
71
145
159
445
550
326
459
205
19
107
140
549
407
302
200
440
555
247
251
434
33
134
533
177
55
110
49
270
410
372
477
217
519
284
67
199
316
331
499
425
346
90
125
228
269
567
32
529
389
303
420
461
227
95
568
161
120
68
373
29
291
532
171
8
236
471
211
515
45
59
559
545
450
486
257
15
186
150
508
101
78
363
241
401
258
534
455
540
283
209
507
449
10
77
155
149
419
279
510
7
119
396
40
133
34
433
141
548
18
441
201
505
250
352
286
457
157
75
393
5
518
136
111
48
436
271
411
51
233
479
219
324
570
517
0
179
47
483
255
409
547
249
500
70
109
17
183
84
458
366
551
158
169
428
469
560
128
521
381
97
225
306
354
376
299
60
21
65
491
339
191
313
82
343
322
220
427
261
127
98
565
394
105
245
557
259
405
541
148
208
448
11
36
536
511
118
418
278
41
57
175
215
475
117
83
170
9
184
470
312
210
277
417
484
58
451
234
151
558
100
79
147
207
400
240
342
323
509
447
353
460
421
267
569
528
388
121
160
335
28
69
497
290
392
197
295
27
344
330
232
498
198
91
465
165
268
182
482
527
387
229
314
365
39
187
13
114
487
256
382
543
522
280
414
274
144
43
22
444
513
204
237
398
430
539
130
435
81
135
492
397
238
6
192
554
54
153
76
506
453
285
321
188
360
262
488
566
351
24
123
142
300
202
347
423
442
112
317
412
272
370
384
524
66
264
318
52
375
494
226
93
552
305
194
348
514
203
289
327
422
443
44
143
122
30
139
391
439
530
413
273
544
113
87
14
454
231
476
216
154
176
53
88
535
328
35
181
369
481
92
246
553
406
106
309
523
542
383
12
358
166
466
424
379
512
124
42
23
296
193
94
493
311
336
341
263
357
452
152
