224 232
319 319
196 197
196 198
573 574
2 2
496 510
333 334
333 336
266 279
355 355
502 519
502 507
502 523
349 351
72 73
386 389
386 392
386 387
526 565
350 351
252 253
252 257
163 164
64 74
64 320
64 131
64 116
64 86
64 78
64 70
64 109
64 97
64 65
64 127
64 118
64 83
64 100
64 323
64 81
64 112
64 122
64 88
64 124
463 464
301 308
564 565
371 372
371 389
293 463
293 294
293 483
26 27
504 505
504 513
504 506
473 495
473 475
213 214
56 58
173 179
173 182
173 176
80 386
80 252
80 107
80 140
80 141
80 80
74 75
239 279
537 538
37 38
575 575
403 404
489 566
361 362
556 564
222 223
222 245
320 322
243 244
189 190
103 105
4 4
446 448
38 46
38 409
325 326
206 210
146 372
146 147
281 282
562 563
62 63
62 339
254 255
431 440
431 569
416 417
276 277
399 572
399 401
399 400
538 540
85 386
85 508
85 517
85 255
85 106
85 85
131 134
131 133
116 117
172 573
172 172
377 381
377 383
472 473
472 497
472 498
472 492
310 311
212 234
102 103
102 104
571 571
402 402
307 308
307 435
242 243
340 341
96 96
223 224
334 335
563 564
308 310
126 378
126 297
126 432
126 568
126 126
294 295
426 427
345 346
359 361
359 365
359 360
315 316
315 318
464 485
464 486
464 465
378 380
63 404
63 480
63 459
63 264
63 63
164 166
437 567
437 439
332 333
332 363
332 366
332 369
230 231
137 137
3 3
89 90
104 105
395 396
244 253
574 575
574 574
404 504
404 462
404 546
404 407
404 529
404 514
180 183
368 373
368 376
156 157
73 292
73 108
73 455
73 379
73 73
174 180
174 183
174 176
287 288
456 464
456 477
480 537
480 482
214 215
503 504
503 516
474 475
474 494
329 337
367 368
367 388
462 463
462 471
462 483
162 164
288 290
185 573
185 185
31 32
16 16
546 549
546 551
253 266
485 489
390 399
390 395
292 294
46 350
46 479
46 219
46 46
438 439
531 532
138 138
516 518
516 517
235 236
338 343
297 298
25 28
25 30
490 496
190 204
260 261
362 364
362 369
221 234
467 469
167 168
99 100
525 526
385 385
468 469
129 130
520 526
380 390
380 381
380 391
380 383
282 284
561 562
356 360
168 170
429 441
374 377
265 266
432 438
432 433
432 569
337 337
298 299
132 134
132 133
20 21
61 62
495 496
495 500
495 522
195 196
195 200
304 305
50 52
86 87
115 447
115 466
115 379
115 115
415 429
415 417
275 276
275 338
275 421
572 574
178 180
178 182
364 367
364 392
478 483
218 219
1 1
108 108
501 510
408 409
248 250
71 72
145 147
159 160
445 448
550 552
326 332
326 385
326 384
326 328
459 472
459 460
205 206
19 19
107 474
107 497
107 498
107 492
107 107
140 140
549 550
407 410
302 303
200 201
440 441
555 556
247 248
251 252
434 437
434 436
33 92
33 33
134 135
533 534
177 183
55 58
110 111
49 53
270 272
410 432
410 419
410 411
410 421
410 435
372 373
372 376
477 484
217 218
519 520
284 285
67 73
199 203
316 316
331 333
499 501
425 427
346 347
90 332
90 214
90 550
90 91
90 144
125 126
228 229
269 275
567 569
32 573
32 33
529 559
529 530
529 535
389 390
303 306
420 425
420 428
461 464
227 228
95 96
568 569
161 163
161 162
120 287
120 468
120 121
120 452
68 103
68 131
68 104
68 128
68 97
68 69
373 374
29 29
291 292
532 533
532 559
532 535
171 172
8 24
8 8
236 237
471 473
471 497
471 498
471 492
211 212
515 516
45 46
45 409
59 60
559 560
545 546
450 468
450 453
486 487
257 259
15 26
15 15
186 187
150 152
508 509
508 524
101 103
101 104
78 79
363 364
363 370
241 242
401 402
258 259
534 562
534 541
455 456
540 555
540 541
283 284
283 447
209 210
507 508
449 450
449 455
449 484
449 497
449 466
10 24
10 10
77 79
155 349
155 156
149 150
419 420
419 430
419 422
279 316
279 317
510 565
7 7
119 120
396 572
396 401
396 400
40 55
40 59
40 43
40 226
133 135
34 38
34 62
34 205
34 49
34 303
34 59
34 150
34 57
34 207
34 154
433 439
141 141
548 549
548 551
18 18
441 570
201 203
505 507
250 253
352 354
286 287
457 472
457 460
157 158
75 80
393 394
5 5
518 519
518 523
136 146
136 137
136 368
136 138
136 554
136 542
111 114
48 49
436 440
436 567
436 439
271 272
411 416
411 415
411 434
411 568
411 413
51 52
233 234
479 482
219 221
324 325
570 570
517 520
0 0
179 180
179 181
47 49
483 484
255 258
255 256
409 504
409 538
409 472
409 462
409 546
409 516
409 410
409 529
409 460
409 412
547 548
249 250
500 501
70 72
109 111
17 17
183 185
84 85
458 480
458 459
366 367
366 392
551 552
158 158
169 170
428 429
469 489
560 563
128 130
521 522
381 382
97 105
225 228
306 307
306 347
354 355
354 574
376 377
299 300
60 63
60 339
21 21
65 67
491 494
491 493
339 341
191 200
191 199
313 319
313 314
82 85
343 348
322 326
220 472
220 221
427 429
261 262
127 130
98 100
565 566
394 399
394 395
105 243
105 359
105 532
105 139
105 357
105 105
245 250
557 558
259 266
405 457
405 412
405 481
405 406
541 564
148 148
208 210
448 454
11 24
11 11
36 38
536 560
536 541
511 520
118 119
418 432
418 450
418 419
418 421
418 435
278 279
41 42
57 58
175 178
175 176
175 181
215 234
475 521
475 476
475 493
117 120
83 84
170 171
9 24
9 9
184 185
470 471
312 315
312 313
210 211
210 342
277 278
417 431
417 425
417 428
484 485
484 486
58 340
58 63
451 452
234 239
151 152
558 559
100 105
79 80
147 148
147 147
207 210
400 402
240 241
342 343
323 325
509 510
447 448
353 399
353 395
353 354
460 461
460 558
421 430
421 424
267 276
569 570
528 529
388 390
121 378
121 121
160 163
160 162
335 337
28 29
28 28
69 72
69 89
69 125
69 119
69 75
69 111
69 84
69 322
497 499
290 295
392 394
197 199
295 312
295 296
27 31
27 28
344 346
330 331
232 233
498 499
198 199
198 203
91 91
465 469
165 166
268 269
182 183
482 502
482 483
482 543
482 554
482 530
482 535
482 512
527 528
387 393
387 388
229 231
314 316
365 366
365 370
39 40
187 189
13 26
13 13
114 281
114 115
114 442
487 488
487 566
256 259
382 385
382 384
543 552
522 526
280 315
280 313
414 415
274 275
144 145
144 551
43 45
22 22
444 445
513 518
513 517
204 573
204 204
237 238
398 399
430 431
539 540
130 135
435 437
435 436
81 82
135 359
135 540
135 136
135 261
135 330
135 143
135 357
492 521
492 493
397 401
397 400
238 239
6 6
192 201
192 197
192 202
554 555
54 55
153 158
76 77
506 507
453 467
453 454
285 295
321 322
188 189
360 364
360 369
262 266
488 489
566 570
351 352
24 25
123 126
142 143
300 311
202 203
347 348
423 424
442 446
442 443
112 113
317 319
412 446
412 416
412 467
412 415
412 434
412 568
412 548
412 418
412 447
412 543
412 539
412 554
412 443
412 413
272 274
370 371
370 393
384 384
524 526
66 325
66 67
66 82
66 117
66 123
66 113
66 87
264 265
318 319
52 53
375 376
494 495
226 228
93 93
552 556
305 306
194 201
194 197
194 198
348 352
514 516
203 204
289 468
289 290
327 335
327 328
422 424
443 445
44 45
143 143
122 123
30 32
139 140
139 141
391 394
439 440
530 534
413 415
273 274
544 550
113 114
87 90
14 26
14 14
454 525
454 509
454 465
454 476
231 416
231 338
231 232
231 413
476 485
476 488
216 218
154 155
176 177
53 350
53 236
53 53
88 89
535 562
535 536
328 329
35 62
35 345
35 230
35 304
35 50
35 302
35 209
35 149
35 47
35 36
35 151
35 207
35 344
35 268
35 273
181 182
369 371
369 393
481 537
481 482
92 96
92 93
246 248
553 555
406 504
406 462
406 546
406 407
406 529
406 514
106 137
106 138
106 519
106 523
106 106
309 310
309 434
523 524
542 543
383 385
383 384
12 26
12 12
358 365
358 360
166 171
466 467
424 425
424 428
379 380
512 517
124 125
42 55
42 59
42 43
42 226
23 23
296 315
296 313
193 194
94 95
493 496
311 312
336 337
341 457
341 342
341 412
341 481
341 406
263 264
357 362
357 358
452 453
152 349
152 245
152 153
