437
389
70
289
436
428
40
124
99
14
505
280
363
548
79
362
380
23
22
262
263
352
353
113
112
253
252
90
555
203
202
302
411
49
303
565
485
507
304
204
170
541
506
254
239
566
486
557
354
571
339
114
199
418
556
140
24
264
364
567
487
12
13
435
179
122
123
149
330
421
190
230
55
492
493
325
549
225
78
65
5
48
331
420
191
522
523
231
288
316
156
540
443
216
442
167
388
217
166
514
171
317
157
141
98
106
107
473
472
570
429
165
474
178
215
281
315
381
155
513
512
410
91
444
148
105
226
66
326
57
71
327
524
56
227
67
7
198
419
494
338
41
238
6
175
464
387
168
287
158
454
286
439
318
218
386
97
96
108
404
145
221
533
61
532
430
321
76
51
77
47
46
235
1
335
195
58
68
509
75
228
328
196
336
45
489
569
236
8
237
559
197
534
337
311
402
177
403
385
151
211
285
500
161
176
146
550
95
452
453
101
560
480
463
147
462
244
160
183
344
182
547
150
546
310
501
210
415
32
561
481
33
551
374
100
274
294
219
134
319
438
394
159
169
109
84
427
426
50
60
220
431
82
83
320
425
0
133
392
132
393
293
292
329
272
273
229
545
508
373
69
372
59
34
417
558
343
9
184
342
568
488
575
242
416
243
205
460
248
305
483
563
562
482
348
31
450
552
553
181
355
115
255
502
503
378
365
25
278
400
265
298
459
434
398
138
469
88
409
16
127
17
126
291
131
391
125
15
433
432
81
530
207
307
504
306
241
341
38
206
357
26
554
371
539
266
117
257
271
366
256
564
484
367
188
356
27
267
116
164
468
475
240
516
340
314
139
517
399
458
154
299
214
370
445
270
408
104
89
290
130
390
349
3
2
249
525
322
80
323
279
223
222
531
62
379
63
53
52
495
526
54
39
224
64
527
324
496
4
189
497
538
451
102
103
477
515
461
30
476
212
213
446
313
312
401
152
153
180
163
162
447
521
232
233
192
333
193
332
74
491
120
44
535
10
456
284
143
384
467
142
466
457
471
518
94
441
19
406
173
407
172
129
300
511
174
478
465
200
93
455
92
250
110
350
260
405
144
383
20
382
448
360
282
283
209
528
42
309
43
72
369
73
29
269
536
359
119
498
334
194
537
259
234
397
519
137
297
296
396
136
128
424
87
86
18
544
347
247
413
246
412
301
35
201
346
510
21
261
376
276
361
251
277
185
351
111
574
377
345
573
308
572
470
529
245
36
208
37
186
258
414
499
118
358
268
440
28
275
543
542
187
368
375
135
395
295
479
520
422
423
449
11
85
490
121
