437 453
437 438
389 435
389 390
389 405
70 335
70 319
70 72
289 330
289 294
289 293
436 437
428 429
40 41
40 208
124 156
124 133
124 125
124 143
99 100
99 111
14 19
14 20
505 506
280 291
280 283
363 364
363 438
363 467
548 558
79 80
362 365
380 381
380 458
23 25
22 61
22 34
262 263
263 503
263 371
263 267
352 353
353 355
113 273
113 115
112 117
112 119
253 262
253 266
253 270
253 268
252 253
90 93
555 557
555 564
203 205
202 218
202 214
302 303
302 328
411 412
49 50
303 304
303 421
303 387
303 319
303 426
303 392
303 378
303 397
303 375
565 570
485 487
485 513
485 502
485 518
507 509
507 508
304 305
304 458
204 205
170 171
541 548
541 556
506 506
254 256
239 240
239 497
239 491
566 569
566 572
486 487
486 513
486 502
486 518
557 558
354 355
571 572
339 339
114 302
114 115
114 332
114 295
199 202
199 245
418 420
418 442
556 557
556 560
140 141
24 25
264 265
364 365
364 383
567 569
567 573
487 489
12 14
13 99
13 14
13 24
13 18
435 436
435 439
435 448
179 463
179 187
122 123
122 323
123 364
123 179
123 467
149 157
330 331
421 549
421 422
190 204
190 191
190 194
230 231
55 78
55 65
55 570
55 56
55 59
55 359
492 493
492 536
493 494
325 327
325 457
325 479
549 555
225 226
78 79
65 317
65 66
65 75
65 73
65 574
5 166
5 6
5 8
5 153
5 142
48 56
48 59
48 74
331 525
331 332
420 549
420 422
191 198
191 195
522 523
523 524
231 232
288 289
316 320
316 375
156 157
540 541
443 444
443 446
216 217
216 221
442 443
167 169
167 292
388 545
388 391
388 448
217 219
166 169
514 517
514 515
171 177
171 172
317 318
317 341
157 170
157 158
157 160
141 167
141 279
141 142
98 100
106 111
107 108
473 474
472 474
472 550
472 544
570 575
429 489
165 166
165 539
474 483
474 475
178 179
215 216
215 218
215 233
281 291
281 284
281 283
315 421
315 316
315 452
315 552
315 367
381 382
155 156
513 515
512 513
512 518
410 411
410 412
91 104
91 102
91 92
444 455
148 158
148 160
105 106
226 493
226 227
66 67
66 81
326 327
57 58
71 341
71 72
327 327
524 530
524 525
524 528
56 58
56 359
227 237
227 241
67 70
7 11
198 199
198 248
198 206
419 420
494 495
494 497
338 339
41 202
41 49
41 48
41 61
238 239
238 241
6 7
175 179
464 468
464 465
387 437
387 388
168 169
287 288
287 290
158 177
158 159
158 172
454 455
286 287
439 440
318 335
318 319
218 236
218 219
386 386
97 98
96 99
96 97
96 108
108 110
404 414
145 158
145 160
221 492
221 227
533 534
61 78
61 64
61 358
532 532
430 443
430 454
430 432
321 322
76 78
51 52
77 78
47 48
47 538
46 47
46 50
235 236
1 7
335 336
335 402
195 196
195 201
58 317
58 60
68 70
68 82
68 340
68 360
509 510
75 79
228 235
228 229
328 333
196 199
336 439
336 337
336 385
336 461
45 46
45 223
45 251
489 489
569 570
236 237
236 241
8 31
8 10
8 247
8 28
237 240
559 560
197 198
534 537
337 338
337 459
311 514
311 312
402 404
402 406
177 178
403 404
403 406
385 474
385 386
385 550
385 469
385 544
151 152
151 163
211 212
285 286
500 501
161 162
176 178
146 147
550 551
550 554
95 281
95 286
95 96
452 453
453 455
101 203
101 102
101 193
560 560
480 481
463 465
147 171
147 148
462 546
462 466
244 272
244 267
160 161
183 184
183 346
344 439
344 430
344 448
344 346
182 533
182 184
547 548
150 165
150 151
150 153
546 571
546 547
310 311
310 313
501 502
210 212
415 415
32 45
32 33
32 258
561 562
481 571
481 534
481 482
481 564
33 61
33 34
551 555
374 454
374 385
374 378
374 383
374 375
100 103
274 464
274 390
274 275
294 298
294 300
294 295
219 492
219 227
134 145
319 325
319 430
319 320
319 383
438 440
394 462
394 395
159 161
169 170
109 110
84 313
84 85
427 437
427 428
427 468
426 428
50 56
50 76
50 59
50 62
50 63
50 74
50 358
60 67
60 81
220 221
431 432
82 83
83 380
83 304
83 392
83 378
83 471
83 397
83 375
320 322
320 457
320 479
425 426
0 34
133 168
133 134
392 394
132 156
132 133
132 143
393 394
293 298
293 300
293 295
292 330
292 294
292 293
329 331
272 274
273 418
273 442
273 274
273 426
273 373
273 417
273 413
229 236
545 546
508 510
373 435
373 381
373 374
373 431
373 458
69 70
69 302
69 178
69 237
69 161
69 183
69 241
69 371
69 267
69 312
69 332
69 300
69 174
69 360
69 118
69 295
69 490
69 121
372 373
372 424
59 317
59 60
34 48
34 538
417 420
417 442
558 560
343 348
343 465
343 368
9 31
9 10
9 247
9 28
184 185
342 388
342 419
342 343
568 569
568 573
488 489
575 575
242 380
242 325
242 320
242 243
242 348
242 471
242 368
416 418
416 417
243 304
243 337
205 248
205 206
460 466
248 250
248 259
305 305
483 485
483 486
483 524
483 568
483 490
563 569
563 564
563 573
562 563
562 572
482 483
348 469
348 349
31 32
450 453
552 553
553 555
181 437
181 344
181 185
355 365
115 116
115 120
255 256
502 504
503 504
378 459
378 379
365 550
365 366
25 46
25 26
278 294
278 293
278 329
400 428
400 401
265 266
265 270
298 299
298 527
459 480
459 460
434 440
398 399
398 477
138 141
138 165
138 151
138 153
469 470
88 90
409 505
409 410
16 19
16 20
127 134
17 133
17 143
17 19
126 149
126 127
291 292
131 132
391 462
391 395
125 149
125 127
15 23
15 415
15 16
433 440
432 434
432 433
81 82
81 340
530 531
207 213
207 251
307 363
307 315
504 506
306 400
306 307
306 323
241 389
241 242
241 356
341 342
341 361
38 210
38 39
206 231
206 207
206 258
357 362
357 429
357 432
26 33
554 555
371 372
539 540
266 503
266 371
266 267
117 309
117 118
257 262
257 266
257 270
271 272
366 366
256 257
256 269
564 565
484 485
484 486
367 472
367 385
367 392
367 391
367 461
367 368
188 389
188 426
188 370
188 189
356 357
356 370
27 28
267 272
267 373
267 407
267 424
116 117
116 119
164 165
468 474
468 469
475 476
240 389
240 242
240 356
516 531
516 528
516 519
340 342
340 361
314 315
314 400
139 140
139 150
517 518
399 399
458 460
458 478
154 157
299 301
214 217
214 221
370 374
370 467
445 447
270 271
270 408
408 409
104 105
89 90
89 104
89 102
290 292
130 557
130 533
130 559
130 181
130 255
130 131
130 498
130 276
130 185
130 345
390 392
390 391
390 461
390 397
349 349
3 109
3 132
3 9
3 4
3 94
3 29
2 7
249 250
525 531
525 526
322 322
80 388
80 419
80 83
80 343
323 552
323 324
323 347
279 289
223 226
223 235
223 229
222 223
531 532
62 64
379 379
63 64
53 124
53 126
53 54
52 55
495 496
526 529
54 55
39 41
39 208
224 225
224 533
224 228
64 317
64 66
64 73
527 530
527 528
324 325
324 378
496 499
4 7
189 242
189 355
189 432
497 499
538 540
451 453
102 106
102 103
103 112
103 120
477 482
515 519
461 477
461 466
30 32
476 485
476 486
476 567
476 524
476 490
212 230
212 213
213 218
213 214
213 232
446 447
313 438
313 314
312 438
312 314
401 439
401 430
401 402
401 448
152 154
153 292
153 154
180 181
163 166
163 539
162 179
162 400
162 307
162 323
447 455
521 522
232 234
233 234
192 193
333 362
333 380
333 402
333 471
333 334
193 198
193 195
332 333
74 565
74 566
74 75
74 573
491 496
120 310
120 121
44 47
44 50
535 536
10 11
456 476
284 287
143 169
143 144
384 384
467 545
467 468
142 145
466 476
457 460
471 472
518 519
94 99
94 97
94 108
441 444
19 22
19 46
19 26
19 43
406 414
173 174
407 411
172 509
172 508
172 174
129 131
300 301
511 512
174 175
174 306
478 481
465 477
465 466
200 201
93 103
455 487
92 93
250 253
250 264
110 111
350 354
350 553
350 413
350 351
260 262
260 268
405 443
405 419
405 406
405 465
144 145
383 384
383 457
383 479
20 21
382 382
448 450
448 451
360 361
282 287
282 291
282 283
283 289
209 210
528 529
42 44
42 245
309 514
309 312
43 252
43 265
43 44
43 260
43 261
72 83
369 369
73 79
29 30
29 247
269 271
269 408
536 537
359 360
119 310
119 121
498 506
498 575
498 516
498 510
498 499
334 336
334 343
334 468
194 198
194 195
537 537
259 260
259 261
234 236
397 462
397 553
397 398
519 519
137 141
297 299
296 303
396 396
136 138
136 137
128 134
424 442
424 425
87 90
86 89
86 87
18 19
18 20
544 571
544 547
347 472
347 462
347 348
347 398
247 248
413 546
413 414
246 248
412 418
412 417
412 413
301 303
301 328
35 211
35 382
35 282
35 36
201 202
201 245
346 421
346 464
346 367
346 350
346 347
510 510
21 22
21 43
261 262
261 268
376 377
276 277
361 362
361 427
251 253
251 264
277 278
185 383
185 186
351 353
111 112
111 120
574 575
377 377
345 541
345 346
573 574
308 309
572 574
470 483
470 475
529 532
245 253
245 264
36 210
36 39
208 230
208 213
37 91
37 38
186 316
186 324
186 187
258 259
414 549
414 415
414 542
499 499
118 123
118 323
358 359
268 269
440 447
440 441
28 45
28 33
28 246
28 258
275 304
275 354
275 325
275 472
275 337
275 320
275 348
275 351
275 368
543 571
543 547
542 543
187 380
187 243
368 469
368 369
375 457
375 377
375 479
135 137
395 477
395 396
295 296
479 481
520 529
422 543
422 423
423 423
449 450
449 451
11 22
11 222
11 42
85 118
85 121
490 505
490 509
490 508
490 497
490 491
121 122
