1021581
1021578
1020853
1021397
1021410
1021367
1021399
1020775
1021145
1020745
1021050
1021094
1020854
1021169
1021508
1020632
1021582
1021557
1020933
1020893
1020862
1021432
1020892
1021624
1021051
1021334
1020973
1021523
1021629
1021246
1020822
1020773
1020976
1021319
1021318
1021244
1021074
1021631
1021321
1020818
1021144
1021009
1021417
1020746
1021376
1021336
1021442
1021007
1021564
1021505
1021316
1021170
1022622
1022541
1022187
1021669
1022530
1022311
1021751
1021653
1022647
1021753
1022154
1022659
1022034
1022173
1021760
1022316
1022449
1022585
1022511
1022793
1022033
1022727
1022348
1022186
1022004
1022140
1022702
1021784
1022621
1021958
1022641
1022105
1022024
1022482
1022392
1021741
1022142
1022504
1022042
1022370
1022480
1022586
1022170
1021675
1022679
1022728
1022162
1022097
1022344
1022232
1021987
1022044
1022231
1022501
1021986
1022534
1021764
1022683
1022099
1022532
1022503
1021667
1022447
1021742
1022772
1023232
1023088
1023103
1023799
1023661
1023117
1023410
1022923
1023327
1022884
1023181
1023324
1022965
1022944
1022880
1023688
1023015
1023087
1023547
1023179
1023313
1022924
1023384
1023651
1023047
1022903
1023228
1023073
1023686
1023674
1023293
1022882
1023401
1023593
1023104
1023805
1023663
1023098
1023671
1023618
1023414
1023464
1022938
1023188
1023045
1022866
1023330
1023267
1023385
1023263
1023074
1022867
1023611
1023325
1023297
1023770
1023250
1023094
1023115
1023754
1023187
1023018
1023468
1023757
1022901
1023306
1022907
1023299
1023783
1024914
1024713
1024740
1024661
1024632
1024992
1024335
1024852
1024883
1024439
1024057
1024277
1024697
1024653
1024137
1024660
1024989
1024640
1024858
1024440
1024301
1024399
1024854
1024162
1024276
1024662
1024492
1023912
1024151
1024114
1024673
1023919
1025000
1024658
1024712
1024138
1024837
1024633
1024158
1024147
1024058
1024676
1024106
1024668
1024999
1024491
1024168
1025454
1025166
1025066
1025960
1025850
1025740
1025393
1025956
1025588
1026067
1026051
1025053
1025784
1025644
1025827
1025755
1025109
1025108
1025570
1025307
1025035
1025966
1025473
1025060
1025830
1025849
1025751
1025197
1025354
1025475
1025033
1025927
1025952
1025294
1025656
1025215
1025756
1025456
1025151
1025668
1025195
1025173
1026488
1026309
1026307
1026518
1026439
1026725
1026378
1026379
1026985
1026203
1026103
1026606
1026075
1026121
1026998
1027062
1026427
1026800
1027000
1026493
1026179
1026172
1026368
1026726
1026205
1026199
1026074
1026913
1026127
1026477
1026590
1026599
1026605
1026986
1026893
1026841
1026597
1026838
1026910
1026667
1026181
1027535
1027825
1027563
1027379
1027326
1027592
1027897
1027892
1027982
1027239
1028243
1027734
1027756
1028009
1027231
1027713
1027998
1028266
1028111
1027216
1028245
1027382
1027596
1027374
1027297
1027972
1027426
1027717
1027423
1027823
1028069
1027229
1027590
1027740
1027238
1027203
1027983
1027534
1027299
1027980
1028003
1027735
1027199
1027410
1028047
1027380
1028228
1027411
1028068
1027467
1028077
1027985
1027202
1027375
1027973
1027324
1028534
1028414
1029513
1029355
1028337
1028673
1028542
1028791
1028520
1028419
1029469
1028923
1029222
1029269
1029061
1029522
1029281
1029158
1028549
1029351
1028621
1028546
1029284
1029300
1028624
1028568
1028746
1028749
1028801
1029088
1029156
1029275
1028362
1029350
1029503
1028830
1029514
1028805
1028797
1028533
1028494
1028406
1028522
1028922
1029022
1028581
1029345
1028672
1028506
1028422
1028994
1028509
1029090
1029517
1028567
1028787
1028796
1029468
1028882
1028799
1028562
1028751
1028364
1028585
1028726
1029062
1028996
1029346
1029900
1029815
1030568
1030643
1029693
1030007
1030186
1030506
1030167
1030159
1030028
1029978
1029725
1030494
1030413
1029810
1029799
1030253
1030026
1029691
1030415
1029559
1030211
1030177
1030252
1030204
1029919
1030264
1030164
1030661
1029980
1029718
1029894
1030663
1029793
1029985
1030545
1029548
1030124
1030165
1030262
1029997
1029606
1029899
1030387
1030184
1029989
1029809
1029973
1030241
1029984
1030309
1029972
1029994
1029814
1029576
1030006
1030242
1030103
1029966
1029605
1030163
1030376
1029724
1030833
1031222
1030783
1030780
1031745
1031215
1031032
1031573
1031134
1031084
1031199
1031832
1030836
1031857
1031201
1031016
1030856
1030847
1030939
1031018
1030807
1031139
1031555
1031569
1031103
1031035
1031283
1031571
1031295
1030855
1031645
1031430
1030950
1031583
1031763
1031353
1030697
1031549
1030953
1031840
1030785
1030693
1030937
1030820
1031132
1031639
1031804
1031282
1031829
1031031
1031068
1031671
1031553
1030808
1031105
1031193
1030850
1031435
1031085
1031841
1030819
1031211
1031052
1031073
1031768
1031293
1031070
1031830
1032575
1032825
1032899
1032880
1031935
1032038
1032779
1032141
1032505
1032860
1032787
1032404
1032678
1031966
1032909
1032008
1032111
1031921
1032146
1031929
1032240
1031886
1032274
1032048
1032299
1032527
1031979
1032406
1032524
1032057
1032036
1032431
1031936
1032642
1032110
1032679
1032701
1032136
1032387
1031922
1032816
1032747
1031976
1032055
1032190
1032189
1032047
1032428
1032786
1031927
1032648
1031968
1034131
1033833
1033800
1033105
1033701
1033485
1033536
1034122
1033663
1033177
1034120
1033346
1034138
1033623
1032997
1033699
1033473
1033930
1032979
1033068
1033737
1033023
1033766
1033553
1033810
1033618
1032993
1033872
1033576
1034124
1033509
1033056
1033107
1034132
1033476
1033909
1033032
1033024
1033086
1033050
1033164
1033595
1033638
1033220
1033765
1033771
1033661
1033219
1033178
1033669
1033345
1033049
1033928
1033603
1033716
1033798
1033552
1033474
1033508
1033031
1033087
1034009
1034899
1035059
1034902
1034738
1035130
1034858
1035267
1034891
1034764
1034429
1034859
1034537
1035262
1034378
1034210
1034865
1034898
1035143
1034868
1034485
1035132
1034427
1034337
1035147
1034538
1034362
1035229
1035037
1034408
1034288
1034487
1034889
1034306
1034499
1034862
1035150
1035263
1034360
1034498
1034849
1035207
1034741
1035060
1035099
1035220
1034904
1036084
1035872
1035706
1035471
1035363
1035791
1035619
1036417
1036285
1036020
1036168
1035487
1035624
1036088
1035874
1035789
1036275
1036136
1035842
1036181
1036145
1035608
1035399
1035461
1035299
1035875
1035543
1035943
1035862
1035526
1036165
1035817
1035496
1035831
1035356
1036083
1035870
1036308
1035429
1035470
1035428
1035829
1035545
1035623
1035840
1035540
1035668
1035494
1035671
1035524
1036276
1036183
1035612
1036157
1035818
1037335
1036731
1036603
1036722
1036560
1036728
1036977
1037025
1036542
1036843
1037564
1036661
1036495
1036514
1037303
1037220
1036954
1036933
1037191
1036562
1037109
1037485
1037450
1037040
1037348
1036932
1037305
1037021
1036466
1037221
1036620
1036591
1037336
1036979
1036443
1036804
1037263
1036726
1037026
1037288
1036730
1036596
1037403
1037012
1036836
1036597
1036616
1037250
1036727
1037110
1037591
1037520
1036468
1037541
1037563
1037024
1036494
1036544
1037011
1037518
1037514
1037549
1036724
1037004
1036475
1037173
1037542
1036464
1037343
1036959
1036835
1036847
1036659
1036512
1038396
1037603
1038044
1037998
1037965
1038649
1037723
1038206
1037712
1037774
1038306
1037834
1038337
1038012
1038293
1038565
1038467
1038358
1038580
1038207
1038418
1037709
1038294
1037722
1038199
1037697
1038260
1038008
1038394
1038534
1037790
1037927
1037690
1038354
1037967
1038468
1038571
1038446
1037942
1038305
1038399
1037716
1038184
1037789
1038181
1038025
1037677
1037680
1037822
1037721
1038225
1037724
1039592
1038935
1038970
1039202
1038979
1039773
1038909
1039240
1039194
1039174
1038915
1039274
1038875
1039328
1039439
1039492
1039334
1038934
1039253
1038977
1039153
1039082
1039829
1039634
1038871
1038903
1038949
1039252
1038742
1038841
1039144
1039807
1039828
1039163
1039775
1039736
1039080
1039385
1039241
1039321
1038950
1039329
1039635
1039800
1038990
1039333
1040096
1040880
1040530
1040130
1040512
1040137
1040521
1039994
1040455
1040543
1040393
1040165
1040444
1040426
1040814
1040004
1040719
1040526
1040879
1040176
1040531
1040154
1040618
1040033
1040190
1039846
1040248
1040860
1040697
1040025
1040114
1040553
1040427
1040095
1040649
1040614
1040706
1040113
1040164
1040139
1039995
1040251
1040410
1040454
1040856
1040156
1040799
1040446
1040368
1040117
1040816
1041729
1041141
1041071
1041505
1041686
1041402
1041731
1041701
1041294
1041241
1041223
1041644
1041544
1041331
1041293
1041619
1041046
1041573
1041181
1041297
1041342
1041300
1041643
1041562
1041250
1041344
1041893
1040987
1041143
1041043
1041506
1041781
1041974
1041878
1041448
1041335
1041233
1041251
1042663
1042975
1042955
1042763
1042616
1042645
1042327
1042342
1042347
1042530
1042350
1042630
1042682
1042548
1042631
1042902
1042523
1042976
1043035
1042339
1042357
1042599
1042315
1042953
1043125
1043063
1042495
1042319
1042597
1042982
1042600
1042632
1043004
1042532
1042983
1042298
1042341
1042103
1042580
1042457
1042754
1042493
1042664
1042455
1043126
1042833
1043504
1043746
1043312
1043626
1044007
1044252
1043518
1043536
1043356
1043654
1043783
1044026
1043308
1043743
1044250
1043234
1043895
1043506
1044096
1043627
1044135
1044164
1044095
1044028
1044234
1043319
1043537
1043253
1044048
1043475
1043653
1043355
1043320
1043252
1043268
1043236
1043293
1043265
1043576
1043748
1044235
1043701
1043296
1044137
1044078
1044049
1044584
1044621
1044493
1045178
1044685
1044869
1045073
1044915
1045161
1044623
1044567
1045080
1044920
1045290
1045322
1045096
1044340
1044832
1044315
1044760
1044758
1044710
1045029
1044566
1045335
1044860
1045099
1045263
1044934
1045069
1044780
1044818
1044937
1044583
1044767
1045061
1044413
1044327
1044521
1044741
1045291
1044356
1045320
1044684
1044322
1044954
1044870
1044259
1044711
1044522
1044770
1044341
1044430
1044412
1044330
1045067
1044287
1045013
1045280
1044305
1044443
1045196
1044778
1044947
1045084
1045334
1044927
1044317
1044323
1044866
1045829
1045960
1046256
1045686
1045629
1046366
1045631
1046096
1045437
1045559
1046264
1045537
1046413
1046317
1045872
1045972
1045705
1045998
1045762
1045560
1045501
1046124
1045800
1046125
1046262
1046412
1045979
1045791
1045973
1046179
1045538
1045704
1045684
1045435
1045760
1046146
1045862
1045883
1045389
1046250
1046013
1045719
1045790
1045927
1045730
1047074
1046877
1047177
1047490
1046912
1046974
1046957
1046966
1047091
1047484
1047152
1046666
1047342
1046705
1047323
1047105
1046781
1046883
1047171
1047153
1047008
1046552
1046722
1046559
1047335
1046978
1047175
1046734
1047331
1046964
1046544
1046791
1047030
1047439
1047097
1047474
1047336
1047540
1047298
1047270
1046884
1046941
1047491
1047518
1046956
1046902
1046911
1046703
1046968
1046716
1046794
1046927
1046900
1046736
1046665
1046981
1047341
1046724
1046493
1046569
1046546
1047032
1048512
1048563
1048543
1047795
1047575
1047749
1047572
1047916
1047702
1047602
1048689
1048400
1047724
1047948
1048541
1048510
1047904
1047590
1048638
1047754
1048196
1047595
1047577
1048394
1048104
1048266
1047646
1048668
1048690
1047707
1048353
1047652
1048329
1048624
1048138
1048218
1047949
1047872
1048252
1048160
1047683
1047725
1048223
1047751
1048265
1047648
1048315
1048389
1049069
1048873
1049250
1049700
1048954
1048992
1049840
1049254
1049392
1049717
1049614
1049403
1049607
1049463
1048903
1049243
1049289
1048884
1049608
1049690
1049619
1049838
1048747
1049248
1049853
1049615
1049850
1049290
1048912
1048886
1049393
1049482
1048749
1049071
1049027
1048760
1048958
1049233
1048874
1049491
1049582
1049241
1049959
1049888
1050290
1050263
1050772
1050137
1050537
1050900
1050448
1050189
1050877
1050173
1050235
1050902
1050376
1050688
1050142
1050473
1050434
1049895
1050866
1050378
1050455
1050690
1050962
1050143
1050178
1050627
1050944
1050304
1050288
1050459
1050550
1050242
1050195
1050461
1050276
1050363
1050397
1050447
1050237
1050694
1049957
1050282
1050190
1050271
1050306
1050625
1050911
1050946
1050594
1049889
1050436
1050101
1051271
1051768
1051223
1051928
1051200
1051771
1051565
1052085
1051295
1051353
1052083
1052015
1052077
1051832
1051828
1051079
1051207
1051805
1051244
1052126
1051354
1052070
1051592
1051246
1051250
1052135
1051253
1051173
1051206
1051746
1051087
1052003
1052163
1051617
1052160
1051115
1051509
1052130
1051175
1052008
1051655
1051566
1051118
1051249
1051114
1051901
1051217
1051513
1051810
1051273
1051306
1051752
1052011
1051201
1051088
1051806
1051252
1052298
1052423
1052348
1052198
1053019
1053018
1053075
1052450
1052236
1052497
1053120
1052736
1052733
1052962
1052270
1052361
1053252
1052919
1052475
1052922
1053066
1052307
1052664
1052278
1052285
1053254
1052698
1052277
1052473
1053065
1052357
1052257
1053159
1053234
1052531
1052838
1053236
1053240
1052287
1052997
1052765
1052891
1052686
1052665
1052683
1052700
1053158
1052893
1052273
1052347
1052446
1052356
1052256
1053315
1053530
1053471
1054106
1054163
1053647
1053759
1053406
1053976
1053923
1053454
1054373
1053645
1053563
1054055
1053758
1053341
1054119
1054103
1054036
1053529
1053984
1054035
1053434
1053485
1053501
1053705
1053572
1053743
1053708
1054052
1053943
1054078
1054116
1053340
1054077
1053989
1054376
1053942
1053405
1053487
1054164
1053413
1053782
1054884
1054440
1055361
1054827
1054543
1055390
1054881
1054546
1054521
1054549
1054957
1055243
1055489
1054935
1055455
1055249
1054538
1055488
1054793
1055382
1055227
1055284
1055032
1054548
1055043
1054924
1054975
1055257
1055374
1055049
1054739
1055332
1054947
1054863
1054735
1055375
1055497
1055128
1054792
1055444
1055060
1055349
1054930
1055351
1055142
1055130
1054882
1054406
1054601
1055245
1054724
1054922
1054603
1055068
1055247
1054721
1054533
1055056
1055421
1055126
1055282
1054829
1054885
1055045
1055443
1054861
1054525
1056380
1056243
1056462
1056118
1056485
1055786
1056457
1055537
1055637
1055876
1056493
1056094
1056123
1056377
1056256
1056315
1056037
1056458
1056386
1055942
1055726
1056117
1056167
1056009
1056338
1056464
1056125
1056047
1055545
1056597
1055899
1056348
1055632
1055784
1055557
1055811
1056316
1056500
1055993
1056050
1056036
1055724
1056257
1056595
1055944
1056411
1056244
1056245
1057703
1056927
1057169
1057193
1056795
1057526
1056992
1056815
1057011
1057565
1056656
1057576
1057019
1056978
1056912
1057482
1057241
1057388
1057420
1057220
1057253
1057083
1056858
1057349
1057195
1056915
1057577
1057131
1056793
1056976
1056861
1057678
1057431
1056796
1056657
1057180
1056866
1057021
1057162
1057306
1057701
1057208
1057171
1057311
1057142
1057210
1057148
1057348
1057151
1057434
1057248
1057081
1057239
1057661
1056803
1056677
1056777
1056991
1057143
1056684
1058059
1057816
1058754
1057878
1057897
1058177
1058695
1058299
1058234
1058269
1058791
1058507
1058410
1058100
1057818
1058670
1058556
1057810
1058076
1057869
1058792
1058693
1057877
1058245
1058178
1058522
1058652
1058413
1057898
1058267
1058603
1058110
1058224
1058661
1058099
1058057
1058457
1057868
1058531
1058080
1058756
1058202
1058503
1057770
1057809
1058414
1058665
1058074
1058108
1057779
1058298
1058247
1059578
1059899
1059226
1058941
1059247
1059862
1059865
1059817
1059884
1059513
1059775
1059221
1059283
1059502
1059833
1059010
1059043
1059577
1058942
1059310
1059503
1058937
1059220
1059598
1059870
1059863
1059415
1059338
1059040
1058949
1059312
1059534
1059521
1059242
1058951
1059202
1059352
1059229
1058972
1058936
1059591
1059785
1059326
1059552
1059842
1058976
1058973
1059014
1059353
1058947
1059417
1059570
1059620
1059579
1059165
1060223
1060401
1060438
1060538
1060149
1060061
1060335
1059998
1060631
1060093
1060047
1060461
1061011
1060031
1060487
1060063
1060685
1060336
1060045
1060058
1060038
1060555
1060421
1060070
1060708
1060583
1060859
1060097
1061016
1060240
1060319
1059995
1060018
1060059
1060660
1060630
1060910
1060317
1060539
1060403
1060770
1060222
1061028
1060243
1060148
1060554
1060443
1060055
1060422
1061320
1061555
1062137
1061855
1062143
1061902
1061790
1061631
1062051
1062106
1062148
1061528
1061650
1061725
1061325
1061828
1062032
1061724
1061597
1062147
1061527
1062072
1061383
1061711
1062077
1062159
1062074
1061903
1062089
1061692
1062065
1061515
1061596
1062108
1061101
1062162
1061372
1061975
1061706
1061710
1061829
1062053
1062152
1061633
1062136
1061113
1061547
1062067
1061638
1062154
1061791
1062141
1061521
1061359
1062055
1063264
1062720
1062923
1063105
1062677
1062584
1062426
1063119
1062491
1063288
1062355
1063110
1062949
1062572
1062457
1062682
1062317
1062486
1062783
1062734
1062739
1062794
1062568
1063351
1063377
1063030
1062890
1063262
1062381
1062790
1062990
1063155
1062988
1062828
1063089
1063041
1062756
1062488
1063092
1062521
1062827
1063215
1062328
1062903
1063218
1062787
1063358
1062900
1063196
1063342
1063310
1062376
1063024
1063209
1062333
1062414
1062492
1063088
1062524
1064264
1063982
1064338
1064316
1064133
1064211
1063468
1064387
1063966
1063971
1064209
1064060
1063825
1064160
1064266
1064424
1064300
1063973
1063826
1064286
1063652
1064282
1063430
1063469
1064336
1064201
1063839
1064136
1063713
1063679
1063538
1063879
1064404
1063639
1063923
1063641
1063549
1063502
1063965
1064020
1064124
1063709
1064083
1063548
1064121
1063980
1063895
1064062
1064317
1063662
1064422
1064386
1063572
1064281
1065302
1064606
1065564
1064751
1064589
1064969
1065246
1064617
1065376
1064780
1065458
1064762
1065498
1065592
1064768
1064649
1064538
1064965
1065555
1065623
1064540
1064858
1065179
1065501
1065563
1064779
1064765
1064909
1065424
1065444
1065450
1064501
1064512
1065593
1065264
1064604
1065597
1065457
1064647
1065301
1064850
1065449
1064809
1065557
1065438
1064918
1064616
1065536
1065443
1064621
1064857
1065570
1065579
1064848
1064595
1066412
1066802
1066043
1066128
1066694
1066175
1066722
1066637
1065915
1066177
1066727
1065991
1065933
1066005
1066600
1066562
1066700
1066765
1066131
1066596
1065771
1066403
1066692
1066773
1066414
1066006
1066325
1066689
1066450
1066771
1065770
1066125
1066675
1066481
1065642
1066046
1066383
1065832
1066134
1065732
1065829
1066346
1066677
1065989
1065932
1066329
1066782
1066757
1066785
1066200
1066668
1065646
1066092
1066124
1065913
1067619
1067260
1067560
1067743
1067047
1067422
1067063
1067666
1067060
1067639
1067754
1067333
1067218
1067352
1066895
1066896
1066979
1067880
1067416
1067613
1067375
1067014
1066871
1067011
1067506
1067723
1067740
1066922
1067859
1067282
1067606
1067793
1067423
1067860
1067410
1067281
1067874
1067935
1067933
1067876
1067225
1066926
1067621
1067070
1067113
1067901
1067752
1067114
1067548
1067351
1067644
1067385
1067931
1066855
1067224
1066862
1067259
1067794
1067628
1068282
1068906
1068980
1068370
1068179
1068251
1068973
1068277
1068229
1068608
1068429
1068422
1068553
1068021
1069135
1068968
1067987
1068807
1068552
1069117
1068688
1068298
1068734
1068151
1068177
1068226
1068972
1068184
1068108
1068234
1069107
1068149
1068801
1068658
1068438
1069051
1068040
1068185
1069016
1068045
1068145
1068568
1068146
1068969
1068665
1068736
1068501
1068249
1068984
1068929
1068977
1068367
1069747
1069397
1070043
1070194
1069822
1069480
1069153
1069737
1069155
1069759
1070007
1069536
1069319
1070014
1070045
1070148
1069876
1069558
1069916
1069614
1069653
1069611
1069322
1069186
1069478
1069475
1070147
1069757
1069746
1070083
1069990
1069931
1069887
1069474
1069991
1069180
1069743
1069821
1070005
1069999
1069462
1069735
1071057
1070509
1070633
1070560
1071142
1071174
1070815
1071158
1070828
1070482
1071246
1070793
1070689
1070444
1070816
1071157
1071016
1071233
1070590
1070761
1070558
1071192
1071197
1071003
1070691
1071067
1070508
1071078
1070310
1071124
1070319
1070446
1070533
1070308
1070314
1071193
1070592
1071176
1070454
1071106
1070775
1070306
1070848
1070450
1072225
1071489
1072473
1071868
1071367
1071470
1071474
1071496
1071437
1072487
1072189
1071992
1072478
1072513
1072264
1072510
1071538
1071501
1071449
1072430
1072262
1071500
1071419
1071338
1071870
1071796
1071822
1071436
1072160
1071867
1071472
1071403
1072021
1071372
1072180
1072130
1072208
1072018
1071890
1071391
1071477
1072159
1071891
1072030
1071877
1071369
1071381
1072178
1072017
1072210
1071485
1072435
1071421
1072075
1071494
1072131
1071875
1071834
1071373
1073349
1073363
1073056
1073575
1073419
1072899
1072592
1073577
1073014
1073371
1072700
1073240
1073263
1072812
1072918
1072658
1072701
1072916
1073605
1072869
1073055
1073618
1073459
1073171
1072806
1073593
1072654
1072721
1072594
1072858
1072605
1072783
1073455
1073106
1073264
1073348
1072889
1073492
1073080
1073208
1072730
1073405
1073011
1073406
1073417
1073619
1073081
1073169
1072680
1072871
1072627
1072790
1073592
1072606
1073467
1073493
1072547
1073604
1074088
1074670
1074064
1074584
1073867
1074748
1074273
1074359
1074740
1074162
1074180
1074215
1073799
1073741
1074553
1073835
1074467
1074515
1074063
1074476
1073738
1073720
1073855
1074752
1074217
1074750
1073708
1073713
1074031
1073660
1074715
1074091
1074245
1074690
1074029
1073854
1073998
1073712
1073709
1074419
1073736
1073748
1074543
1074087
1074349
1075277
1075542
1074890
1074875
1075703
1075192
1075184
1074908
1074843
1075373
1075453
1074987
1075590
1075836
1075797
1075212
1075012
1074956
1074901
1075409
1075556
1075188
1075356
1074988
1075639
1074907
1075508
1075825
1075095
1075723
1075828
1075478
1075540
1075819
1075449
1075569
1075168
1075023
1075499
1074874
1075194
1075232
1075845
1075455
1075084
1075436
1075233
1074995
1075557
1074786
1074884
1074844
1075805
1075085
1075101
1075586
1075167
1076724
1076879
1076117
1076050
1076187
1076810
1076777
1076136
1076497
1076874
1076214
1076539
1076364
1076725
1076210
1076135
1075960
1076100
1076215
1076829
1077006
1076197
1076882
1076496
1076785
1076111
1076010
1076048
1076099
1075967
1076088
1075943
1076710
1076119
1076775
1076185
1076007
1076711
1076086
1076839
1075994
1076921
1076828
1075978
1076817
1075996
1076786
1076583
1076014
1077717
1077837
1077846
1077072
1077540
1077658
1078142
1078028
1077332
1077324
1078023
1077551
1078125
1077851
1078026
1077847
1077764
1078119
1077555
1078123
1077729
1077937
1077660
1077935
1077948
1077321
1077143
1077838
1077897
1077579
1077730
1077330
1077067
1078211
1077466
1077420
1077766
1078203
1077086
1078035
1077665
1077582
1077085
1077418
1077465
1078080
1077066
1077539
1078075
1078141
1078008
1077667
1078121
1078586
1078476
1078592
1078738
1078834
1079130
1078838
1079225
1078533
1078578
1078924
1078754
1079040
1078590
1078403
1078366
1078402
1078368
1078324
1078845
1078582
1079223
1078658
1078585
1078535
1079014
1079226
1078409
1078923
1078478
1078523
1078859
1078744
1078380
1078644
1078981
1078554
1078978
1079055
1078721
1078718
1079091
1079149
1078350
1078648
1078573
1078250
1079142
1078967
1078636
1079099
1078351
1078650
1079044
1078847
1078716
1078969
1079090
1078635
1078410
1078323
1078977
1078566
1078290
1078537
1079620
1079427
1080093
1079935
1079518
1080350
1079953
1079378
1080342
1079564
1080192
1079660
1079398
1080126
1079522
1080212
1080034
1079730
1079366
1079509
1080027
1079983
1079556
1079576
1079831
1080201
1080094
1079712
1080015
1079428
1080146
1079419
1079820
1079742
1079420
1079952
1079919
1080273
1080016
1079819
1079975
1080147
1079584
1079400
1079933
1079533
1079376
1079438
1079746
1079658
1079711
1080622
1080788
1080847
1080741
1080626
1080640
1080550
1080671
1080709
1080790
1080710
1080795
1081354
1080866
1080886
1081436
1080725
1080449
1081428
1080639
1081201
1081362
1080583
1080846
1080569
1080413
1080717
1080572
1080865
1080881
1080487
1080740
1080854
1080807
1080602
1080585
1080794
1080889
1080490
1081265
1080424
1081588
1081663
1082057
1082140
1082112
1082508
1082357
1081585
1081984
1081843
1081902
1082541
1082257
1082672
1082363
1082442
1081764
1081904
1082017
1082145
1082224
1082015
1081628
1082099
1082215
1081847
1082535
1081875
1082255
1082358
1081662
1081754
1082060
1082055
1082276
1082290
1082662
1081761
1082386
1082274
1081634
1081756
1082095
1081819
1081981
1081629
1082545
1081876
1081638
1082479
1082464
1081913
1082103
1082588
1082613
1082560
1083354
1083320
1083357
1083670
1083286
1082815
1082935
1083294
1083528
1082723
1082745
1083459
1083738
1083618
1083793
1083742
1083074
1082989
1082862
1083458
1083496
1083296
1083123
1083284
1083617
1083583
1083805
1083803
1083594
1082735
1083068
1083542
1083606
1083775
1082914
1083083
1082947
1083007
1083709
1083794
1083481
1083373
1083533
1083626
1083762
1083479
1083772
1083585
1083514
1083125
1082918
1082990
1083607
1083008
1084409
1083907
1084813
1084617
1083940
1084620
1084926
1084493
1084868
1084093
1084469
1084069
1083970
1084143
1083969
1084070
1084420
1084160
1084173
1084096
1083982
1084669
1084104
1084619
1083985
1084795
1083909
1084410
1084821
1084538
1084871
1084874
1084308
1084180
1084083
1084483
1084387
1083923
1084812
1084767
1084817
1084549
1083947
1083946
1084920
1084631
1084065
1084184
1084856
1084306
1084825
1084179
1084557
1084232
1084513
1084120
1084664
1084145
1084629
1084386
1085839
1085938
1085242
1085269
1085668
1085190
1085698
1084954
1085709
1085320
1085119
1086081
1085385
1085563
1085200
1085822
1085412
1085444
1084993
1085127
1085264
1085431
1085220
1084957
1085199
1085417
1085558
1085420
1085240
1085478
1086025
1085327
1085016
1085384
1086009
1085838
1085651
1085653
1085433
1086083
1085213
1085413
1085291
1085863
1085120
1085475
1085297
1085557
1086386
1087055
1086390
1086862
1086821
1086521
1086886
1086895
1086200
1086851
1086476
1087004
1086482
1086794
1086897
1086900
1086202
1086903
1086894
1086863
1086581
1086237
1086708
1087109
1086709
1086340
1086339
1087173
1086780
1087112
1086801
1087214
1087056
1086901
1086958
1086885
1086119
1086853
1086599
1086799
1087095
1086996
1087213
1086140
1086240
1086391
1086782
1086952
1086591
1086161
1087172
1086358
1086520
1087864
1087341
1087835
1087523
1087795
1087278
1088337
1088207
1087358
1088038
1088185
1088039
1087338
1087658
1087892
1087692
1088087
1087660
1087878
1088190
1087521
1087606
1088126
1088086
1087493
1087830
1088216
1088183
1087801
1087488
1088091
1088192
1088065
1087643
1087641
1087703
1087829
1087800
1088093
1087922
1087891
1087834
1087734
1087515
1088066
1087608
1088727
1088520
1088434
1088842
1088995
1089563
1089422
1088976
1089173
1088730
1088844
1089031
1089112
1088605
1089494
1088928
1089394
1088455
1088846
1088885
1089397
1089562
1089307
1088890
1089209
1088775
1089540
1088977
1088608
1089584
1088674
1088701
1089041
1089418
1088584
1088883
1088892
1088591
1088464
1088670
1088426
1089544
1089030
1088725
1088661
1089099
1088777
1088659
1089175
1089312
1088457
1088522
1088466
1089516
1088583
1089368
1090080
1090677
1089869
1089712
1090208
1089872
1089954
1090190
1089603
1090423
1089890
1089729
1089837
1090649
1090594
1089623
1090472
1090100
1089693
1089953
1090595
1090507
1089911
1089694
1089622
1090458
1090101
1089714
1090213
1089835
1090470
1090671
1090515
1089613
1090184
1089817
1090217
1090620
1090076
1089670
1089819
1090506
1089730
1090538
1089847
1090435
1091564
1090967
1090769
1090911
1090943
1091324
1091224
1090965
1090800
1091626
1091705
1091325
1091351
1091812
1091261
1091343
1091716
1091027
1091565
1091759
1091821
1091419
1091545
1091257
1091345
1091100
1091867
1091514
1090968
1091824
1090912
1091405
1090779
1091547
1090801
1091534
1091818
1090834
1091504
1091864
1091825
1091420
1091006
1091667
1091020
1091555
1091259
1091721
1090945
1091689
1091256
1091509
1091583
1092565
1092225
1092484
1092717
1092063
1092061
1092245
1092356
1092972
1092220
1092294
1092298
1092655
1092875
1092973
1092751
1092243
1092358
1091935
1092019
1091965
1092980
1092179
1092363
1092898
1092190
1092894
1092051
1092866
1091934
1092776
1092021
1092598
1092227
1092381
1092342
1092956
1092718
1092288
1091941
1092291
1092383
1092102
1092206
1092322
1092185
1092103
1092182
1091983
1092877
1092917
1092819
1092600
1092862
1091970
1094023
1093298
1093481
1093351
1093789
1093371
1093197
1093921
1094113
1093829
1093632
1094015
1093375
1093982
1094055
1093803
1093787
1094035
1094138
1094166
1093359
1093299
1093525
1093767
1093772
1093290
1093357
1093366
1093868
1093264
1094140
1093510
1093275
1093123
1093196
1093263
1093778
1093526
1093984
1093538
1093831
1093291
1093158
1093376
1093352
1093934
1094027
1094000
1093482
1093266
1093307
1093998
1093122
1093777
1094164
1093384
1093540
1093880
1093277
1093509
1094311
1095247
1095076
1094375
1094791
1095032
1095285
1095323
1094970
1095105
1094662
1094630
1095312
1094439
1094398
1094507
1094316
1094332
1095117
1094556
1095003
1094526
1094268
1094967
1094280
1095101
1094508
1094399
1094811
1094772
1095322
1094455
1095187
1095219
1094483
1094326
1094620
1094205
1095303
1095022
1094528
1095259
1094449
1094971
1094615
1094266
1094318
1094264
1094717
1094813
1094524
1095260
1094376
1094482
1094347
1094719
1094926
1094281
1094626
1095927
1096114
1096261
1096003
1095675
1096184
1096372
1096226
1095987
1095713
1095822
1096111
1095878
1095439
1096051
1096269
1095824
1095554
1096185
1095589
1095440
1095756
1096288
1095556
1096129
1095710
1095977
1096284
1095988
1095652
1095518
1095569
1096254
1096050
1096007
1095949
1095350
1096319
1096373
1095941
1095953
1095567
1095876
1096169
1096079
1096263
1096257
1095673
1095651
1095976
1096018
1096968
1096865
1096576
1097039
1097065
1096543
1097068
1097341
1097379
1096484
1097030
1096591
1096629
1096891
1097032
1096632
1096638
1096516
1097423
1097378
1097389
1096976
1096643
1096606
1096644
1096523
1096892
1097220
1097163
1097257
1096980
1096488
1096776
1097041
1096918
1097421
1096885
1097020
1096966
1097190
1097260
1096866
1096898
1096920
1096531
1098430
1098042
1097806
1098378
1098335
1098181
1098501
1097821
1098685
1098309
1098422
1098006
1098007
1097999
1097621
1097802
1097542
1098236
1097952
1098505
1097615
1098670
1098692
1097755
1098446
1098038
1097904
1098211
1098059
1097731
1098465
1097951
1097619
1097820
1098447
1098599
1097846
1098438
1098691
1097614
1099266
1099497
1099826
1099627
1099177
1098739
1099271
1098760
1099043
1099282
1099648
1099471
1098869
1098981
1099848
1099207
1098871
1099469
1099611
1099628
1099319
1099795
1099110
1099385
1099032
1099610
1099642
1099415
1099484
1098891
1099698
1099331
1099328
1098973
1099373
1099249
1099483
1099248
1099807
1099109
1099600
1099834
1099488
1099270
1099420
1099386
1099556
1099475
1100669
1100581
1100800
1100316
1100437
1099862
1100919
1100788
1100308
1099860
1099955
1100890
1100556
1100828
1100864
1100247
1100768
1099989
1100200
1100957
1099956
1100249
1100970
1100134
1100538
1100887
1100334
1099958
1100310
1099948
1100299
1100004
1100967
1100949
1100661
1100835
1099978
1100881
1100240
1100769
1100961
1100064
1100390
1100834
1100139
1099891
1100303
1100519
1100695
1100524
1100199
1100238
1100664
1100668
1100133
1099976
1100649
1099947
1100300
1100596
1100317
1101055
1101657
1101560
1101533
1101106
1101983
1101193
1101476
1102014
1102023
1101301
1101292
1101375
1101374
1101706
1101806
1101249
1102018
1101216
1102077
1101258
1101057
1101112
1101259
1101813
1101074
1101287
1101475
1101934
1102094
1101459
1101704
1101900
1102026
1101291
1101618
1102019
1101183
1102092
1101715
1101114
1101103
1101357
1101723
1101570
1101981
1101247
1101747
1101151
1101303
1101045
1101904
1101218
1101717
1102001
1101902
1102009
1101805
1101777
1102150
1103148
1102507
1102167
1102535
1102986
1102162
1102137
1102589
1102638
1102811
1103142
1102355
1102798
1102534
1103180
1102390
1103020
1102636
1102314
1102618
1102391
1103032
1103192
1102501
1102804
1102678
1102666
1103157
1102610
1103002
1103237
1103030
1102583
1103164
1103232
1102315
1102987
1102356
1102136
1104016
1103819
1104243
1104063
1104329
1103991
1104039
1103460
1103475
1103320
1103406
1103335
1103983
1103547
1104324
1103288
1103546
1103532
1103561
1103405
1103512
1103334
1103280
1103307
1103793
1104273
1103971
1104241
1103859
1103599
1103372
1104102
1104147
1103695
1103767
1103311
1104048
1103967
1103678
1103382
1104013
1104033
1103364
1104038
1103503
1103525
1104148
1103866
1104062
1103601
1103527
1103370
1104097
1103321
1103769
1104216
1103990
1103530
1104921
1105055
1105143
1105164
1104711
1105088
1104736
1105160
1105039
1105436
1104860
1104848
1104880
1104725
1104723
1104726
1105319
1104615
1105209
1105158
1104532
1104661
1104705
1105452
1105034
1105405
1105045
1105076
1104856
1104629
1105213
1105320
1105089
1104927
1105127
1105263
1105128
1105199
1105084
1104614
1104533
1104626
1105044
1104922
1104663
1106440
1106078
1105876
1106038
1105667
1106517
1106160
1106613
1105863
1106112
1105927
1105661
1106331
1105774
1105771
1105765
1105664
1106334
1105729
1105926
1105893
1105726
1105877
1105880
1106335
1105705
1106156
1106488
1105882
1105602
1106523
1105540
1105894
1105812
1106490
1105763
1106113
1106366
1106431
1106605
1105706
1105680
1106220
1106467
1105645
1106222
1106472
1105741
1105860
1105810
1105528
1106076
1106025
1106611
1106352
1106320
1105856
1106474
1105550
1105603
1105647
1105681
1105696
1105740
1106432
1106180
1106273
1105655
1105861
1106347
1106802
1107482
1107282
1106699
1107151
1106894
1107016
1107462
1107379
1107423
1107046
1107367
1106786
1107240
1107156
1107284
1106907
1107307
1106703
1106791
1107483
1107071
1107138
1107457
1106764
1107506
1107497
1107503
1106899
1107628
1106893
1107564
1107747
1107627
1107006
1106900
1107332
1106771
1106780
1106934
1107213
1107308
1106868
1107015
1107425
1107792
1107745
1107061
1107239
1107212
1107455
1106798
1106772
1107007
1107508
1106909
1107794
1106765
1108312
1108343
1108571
1108668
1108643
1108320
1108773
1108536
1108140
1108471
1108552
1108935
1108514
1108325
1108895
1108614
1108148
1108414
1108897
1107928
1108347
1108650
1108208
1108802
1108115
1108618
1108811
1108941
1108932
1108585
1108313
1108040
1108472
1108675
1107921
1108041
1107970
1108319
1108138
1108081
1108925
1108721
1107949
1108212
1107929
1108469
1108242
1108801
1108767
1108429
1108478
1108086
1108108
1108570
1108857
1108516
1108863
1109215
1109019
1110088
1109490
1110025
1109762
1109241
1109257
1109374
1109459
1109078
1109179
1109413
1109151
1109325
1109884
1109522
1109479
1109122
1109079
1109771
1109214
1110021
1109411
1110002
1109265
1109804
1109155
1109573
1109038
1109972
1109358
1109655
1109719
1109956
1109240
1110030
1110009
1108963
1109461
1110049
1110022
1110046
1109305
1109255
1109417
1109270
1110027
1109380
1109978
1109363
1109181
1109521
1109421
1109040
1109468
1109128
1109028
1109761
1109020
1110320
1110972
1111077
1111048
1110375
1110804
1110532
1110366
1110928
1110712
1110161
1110512
1110956
1110394
1110192
1110292
1110372
1110162
1110769
1110188
1110661
1110589
1110291
1111137
1110680
1110175
1110482
1110384
1111049
1110706
1110315
1110798
1110303
1110190
1110174
1110765
1110237
1110349
1110314
1111006
1110381
1110347
1110378
1110578
1110738
1110739
1110513
1110679
1110278
1110546
1110742
1111088
1110318
1110484
1110395
1110539
1110305
1111032
1110805
1111131
1112097
1112207
1111765
1111543
1111535
1111509
1112316
1111683
1111308
1111317
1112198
1112196
1111817
1111946
1111884
1111742
1112172
1112095
1111539
1111618
1111870
1112295
1111282
1111315
1111329
1112028
1111821
1111816
1111307
1112103
1111760
1111267
1112287
1112242
1111551
1112104
1111736
1111573
1111330
1111707
1111682
1111900
1111729
1111741
1111944
1112855
1112626
1112757
1112604
1113453
1113055
1112572
1113417
1113034
1112533
1113277
1113388
1112434
1112587
1112567
1113137
1112558
1112560
1113294
1112575
1113064
1112645
1113427
1112769
1112979
1113179
1112767
1112758
1113324
1113333
1112602
1113139
1113447
1112435
1112980
1113318
1113419
1112588
1113066
1113331
1113428
1112553
1112854
1112532
1113178
1113323
1114268
1114379
1114031
1113968
1113583
1114249
1114339
1113612
1114244
1114011
1113591
1114261
1113885
1114144
1114383
1114556
1114495
1113680
1113873
1114607
1114142
1114236
1114487
1114424
1114332
1114008
1114380
1114451
1114499
1113783
1114413
1113881
1114112
1113880
1114082
1114265
1113533
1114412
1113794
1113756
1114143
1114221
1113681
1113581
1114006
1114007
1114480
1114423
1113781
1113567
1113874
1114642
1113969
1113590
1113757
1113565
1114102
1113797
1113526
1114100
1114508
1113879
1114650
1113613
1114994
1114906
1115610
1115067
1115435
1115422
1115406
1114955
1115370
1114752
1115108
1114908
1114863
1115383
1115535
1115188
1114888
1114933
1115312
1115107
1115404
1115563
1114822
1115039
1114819
1115236
1115399
1115070
1114801
1115074
1115604
1114992
1115609
1115711
1114929
1115568
1114953
1115138
1115073
1115315
1115328
1115366
1115691
1115712
1115142
1114864
1114896
1114901
1114934
1114898
1114790
1115606
1114799
1115276
1114885
1115398
1116056
1116053
1116050
1115989
1116212
1116005
1116433
1116464
1116752
1116778
1116015
1116263
1115848
1116477
1115916
1116692
1115953
1115912
1116703
1115850
1116751
1116567
1116009
1116760
1116476
1116211
1116238
1116427
1116014
1116414
1116691
1115999
1116036
1116199
1116413
1115980
1116201
1116721
1116759
1116008
1115955
1116557
1116724
1115987
1116001
1117581
1117163
1117103
1117081
1117001
1117489
1117340
1117635
1117227
1116910
1117335
1117408
1117701
1117595
1117508
1117519
1117677
1117114
1117162
1117510
1117231
1117834
1117700
1117433
1117228
1117697
1117422
1117580
1117438
1117338
1117641
1117000
1117083
1117268
1117086
1117521
1117760
1117421
1117674
1117746
1117145
1117873
1117516
1117594
1117434
1117488
1117087
1117143
1117323
1117025
1117112
1117515
1117233
1117131
1117104
1117872
1117027
1117761
1118661
1118289
1118210
1118292
1118213
1118611
1118566
1118654
1118307
1118828
1118149
1118911
1118849
1119001
1118565
1118655
1118472
1118763
1118420
1118337
1118259
1119073
1118621
1118524
1118263
1118939
1118742
1118271
1118196
1118357
1118779
1118364
1118735
1118535
1118078
1118476
1118520
1118257
1118150
1118303
1118662
1118938
1118360
1118305
1119032
1118631
1118294
1118534
1118290
1119379
1119712
1119954
1119967
1120117
1120174
1119534
1119449
1120050
1120171
1119395
1119748
1119741
1119420
1120062
1119582
1119850
1119953
1119387
1119839
1119805
1120040
1119856
1119501
1119804
1119583
1120063
1120047
1119355
1119532
1119437
1119310
1120184
1119210
1119213
1120033
1119429
1119516
1119519
1120008
1119576
1119628
1119364
1119447
1119285
1119361
1119261
1119256
1119206
1119356
1119388
1119377
1119503
1120116
1120494
1120812
1120969
1121031
1120513
1120501
1121385
1121007
1120867
1120967
1120702
1120655
1120805
1120657
1120821
1121001
1120965
1121169
1120882
1120586
1120973
1120372
1120549
1121412
1121326
1120940
1121093
1120840
1120339
1120881
1121367
1120763
1120885
1120588
1121436
1121029
1121225
1121129
1120884
1120962
1120406
1120363
1120557
1121076
1120701
1120989
1121410
1122187
1121490
1122582
1121498
1121917
1121936
1121760
1121754
1122001
1121467
1122380
1121932
1122497
1121575
1122003
1121487
1122452
1122360
1122071
1122007
1121511
1121885
1122046
1122454
1121722
1121725
1121477
1121580
1122352
1122137
1121981
1122535
1122129
1121773
1121510
1122120
1123399
1123367
1123135
1123072
1123464
1123387
1123606
1122612
1123232
1123343
1122649
1123550
1123514
1123551
1123487
1123371
1122708
1123099
1123227
1122775
1123373
1123289
1122717
1123088
1123218
1123385
1123137
1123638
1123483
1123630
1123260
1122774
1122700
1123223
1123465
1123100
1123374
1122701
1122751
1123074
1123403
1123292
1123398
1123217
1123615
1122782
1123339
1123844
1123919
1124697
1124107
1124388
1123725
1124070
1124483
1124196
1124102
1123983
1124383
1123840
1123839
1124366
1124258
1123843
1124690
1124018
1123724
1123885
1124384
1124522
1124043
1123800
1123903
1124039
1123803
1123833
1124801
1124080
1123929
1123777
1123993
1123841
1123921
1124019
1124101
1124069
1123986
1124088
1123812
1123721
1124260
1124079
1124106
1123926
1124799
1123832
1123989
1124607
1123994
1123956
1124477
1124546
1125506
1125641
1125347
1125510
1125671
1125377
1125891
1125341
1125041
1124977
1125926
1125223
1125886
1125635
1124955
1125307
1124925
1125844
1125516
1125201
1125116
1125416
1125608
1125866
1125316
1124926
1124878
1125382
1124981
1125582
1125758
1124953
1125429
1125839
1125109
1125505
1125928
1125040
1125265
1125873
1124879
1125609
1124829
1125378
1125286
1125864
1125383
1125517
1125199
1125121
1125097
1125846
1125867
1125769
1125180
1125920
1126950
1126453
1125958
1126599
1126795
1126100
1126190
1126590
1126942
1126086
1126919
1126394
1126818
1125961
1126395
1126011
1126073
1126087
1126633
1126946
1126863
1126508
1126038
1126912
1127064
1126114
1126862
1126996
1126576
1126509
1126537
1127073
1126145
1126007
1126318
1126142
1126039
1126994
1126606
1126116
1126961
1126325
1126828
1126754
1126992
1126619
1126989
1125971
1126191
1126313
1126219
1126137
1126575
1126536
1126321
1126452
1126135
1126756
1127065
1126477
1127301
1127338
1127538
1127801
1127143
1127689
1127192
1128130
1127292
1127936
1127168
1127357
1128148
1127295
1127124
1128041
1127257
1127500
1127813
1127692
1127180
1127502
1127254
1127957
1127802
1127755
1127605
1128039
1127620
1127536
1127617
1127193
1127318
1127286
1127171
1128151
1127356
1127971
1127178
1127934
1127207
1127329
1127420
1127578
1127972
1128147
1127753
1127127
1127303
1128181
1127815
1127771
1127422
1127874
1127612
1128929
1128655
1128433
1128771
1128468
1129203
1128949
1128766
1129243
1128554
1128714
1128603
1128432
1129104
1128260
1129126
1128653
1128470
1128752
1128753
1129154
1128770
1128924
1128347
1129196
1128403
1128923
1128651
1128399
1128887
1128380
1128487
1128227
1128862
1129182
1128345
1128604
1128907
1128381
1129105
1129138
1129008
1128791
1129141
1128553
1128927
1128369
1129184
1128886
1128339
1128223
1128506
1128950
1128825
1129990
1129408
1129508
1129501
1129787
1130235
1129550
1129585
1130208
1130361
1129959
1129344
1129680
1129998
1130310
1130130
1129368
1129635
1129679
1129557
1129347
1130163
1129601
1130332
1129566
1129496
1130333
1130246
1129417
1129948
1129507
1129575
1129936
1129788
1129572
1130036
1130359
1130284
1129687
1130037
1130241
1129551
1129416
1130346
1129497
1129935
1129996
1129958
1129500
1129879
1130451
1130988
1131432
1130408
1130606
1130652
1130794
1130696
1131293
1131348
1131081
1130622
1131144
1131258
1130950
1130521
1131147
1131427
1130482
1130644
1131365
1130824
1130790
1131082
1130645
1131136
1131409
1131296
1131008
1131357
1130608
1130919
1130513
1130640
1131244
1131431
1130520
1130795
1130869
1131160
1130823
1131373
1131015
1130526
1131243
1131425
1130426
1130697
1131366
1130779
1131496
1131290
1130788
1130780
1131421
1130648
1131498
1131048
1130699
1130474
1130629
1130412
1130864
1131215
1130659
1131134
1131170
1132237
1131937
1131752
1131955
1131834
1132140
1131880
1132417
1132353
1131633
1131793
1131636
1132049
1132083
1132421
1131761
1131876
1132418
1132091
1131779
1132450
1132041
1132430
1132223
1131878
1132291
1131772
1131637
1132396
1131741
1131574
1132238
1132637
1131775
1132224
1132068
1131947
1132394
1131855
1131918
1131837
1132549
1131920
1132586
1132043
1131632
1131856
1131765
1131946
1132289
1132170
1131776
1131928
1132070
1132830
1133022
1133399
1133560
1133002
1133132
1132912
1133679
1132946
1133645
1133017
1132725
1133127
1133359
1133648
1133680
1133647
1132951
1133128
1132913
1132944
1132788
1133121
1132936
1133421
1132976
1133252
1132750
1133406
1133238
1132975
1132952
1133520
1133660
1132914
1133518
1133380
1133122
1132940
1133447
1133383
1132782
1132843
1133394
1132920
1133466
1132771
1133437
1132752
