995858
996114
995850
996158
996234
996417
996210
996116
996404
996828
996464
996821
995971
996039
996480
996777
996078
995958
996477
996373
996506
996244
995767
996171
996405
996097
996299
995875
996399
995956
996298
996507
995873
996053
996168
996037
996690
996559
996004
995819
996315
996221
995899
996350
996358
996412
996100
996057
996560
996564
995820
996724
996314
996778
995891
996005
996913
997605
997445
997108
997681
997115
997276
997633
997602
997933
996852
997213
997311
997621
997632
997603
997903
996895
997626
997215
996960
996915
997648
997277
996977
997308
997331
997889
997904
997045
997400
996996
997333
997506
997043
997907
997032
997122
997504
997705
996894
997110
996997
996974
997524
997835
998400
998810
998761
997954
998921
998321
998746
998173
998962
998813
998419
998879
998015
998442
998186
998589
998059
998174
998812
998667
998880
998591
998120
998883
998323
998513
997962
998398
998440
998123
998666
998959
998164
998162
998160
998067
998185
999459
999303
999001
1000042
999227
999991
999180
999226
999832
999258
999963
999465
1000034
999271
999403
999723
999368
1000028
999043
999533
999838
999447
999069
999836
999164
999179
999352
999724
999475
999000
999369
999986
999988
999261
999630
999354
999831
999891
1000036
999979
999992
999774
999478
999809
999908
999681
1000039
999853
999162
999093
999302
999448
999462
999031
999808
999953
999415
999467
999086
1000326
1000676
1000921
1001017
1000695
1000328
1000454
1000097
1000437
1001079
1000301
1000857
1001007
1000253
1001048
1001053
1000573
1001050
1000150
1000448
1000696
1000488
1000403
1000236
1000536
1000765
1000811
1000659
1001063
1000630
1001016
1000677
1000792
1000252
1000151
1000304
1000825
1000853
1000916
1000764
1000336
1000461
1000920
1000790
1000193
1000643
1000645
1000235
1000399
1001061
1000660
1000903
1000338
1000788
1000303
1001943
1001280
1001890
1001343
1001341
1001888
1002080
1001989
1001266
1002007
1001947
1002028
1001635
1002165
1001480
1001886
1001877
1001589
1001990
1001455
1001543
1001536
1001829
1001206
1002118
1001639
1001550
1001828
1002124
1002137
1001799
1002051
1001894
1001590
1001316
1001288
1002122
1002082
1001540
1001704
1001708
1001655
1001734
1002168
1001320
1001889
1001516
1001847
1001552
1001703
1001481
1001529
1002012
1001742
1001731
1001287
1001269
1001530
1001514
1002083
1001456
1001535
1002115
1001973
1002134
1002405
1002856
1003229
1002610
1002248
1003257
1003244
1003143
1002968
1002986
1002937
1002862
1003146
1002866
1002611
1002634
1002311
1003242
1002677
1002844
1002605
1003092
1002192
1002627
1003012
1002896
1002695
1002387
1002414
1002193
1002629
1002561
1002604
1003187
1002996
1002197
1002679
1002690
1002597
1002912
1003188
1003142
1002922
1002671
1003245
1003082
1003259
1002240
1002236
1002846
1002685
1002920
1003001
1003552
1003554
1003357
1004008
1003490
1004158
1003430
1003768
1003457
1003823
1003710
1004022
1003459
1003733
1003737
1003693
1003918
1004116
1003486
1004139
1004130
1004025
1003550
1003804
1003420
1003358
1003421
1003555
1004159
1004305
1003731
1003696
1003736
1004140
1004129
1004010
1003451
1004293
1003448
1004055
1003543
1003584
1004026
1004320
1004272
1004054
1003743
1003423
1003727
1004294
1004227
1003461
1003483
1003709
1004895
1004411
1004771
1005424
1005388
1004669
1004577
1004393
1004586
1005426
1004845
1004966
1004398
1005390
1004700
1004657
1004469
1005455
1004392
1005404
1004405
1004677
1004530
1005123
1004576
1005337
1004748
1005457
1005362
1004726
1004446
1004848
1004918
1005005
1004526
1004734
1004680
1004575
1005129
1005398
1005363
1004470
1004402
1004770
1004668
1004410
1004747
1006445
1005472
1005995
1005803
1005652
1005832
1006362
1006432
1006251
1006155
1005605
1006076
1005581
1006446
1005996
1006401
1005697
1005716
1005604
1005650
1005815
1005950
1006006
1005660
1005580
1005695
1006456
1006245
1006008
1005658
1006586
1005951
1005512
1006130
1006186
1006129
1005821
1006407
1006583
1006261
1006589
1005653
1005717
1006009
1006250
1007443
1007127
1007302
1007296
1006994
1006946
1006908
1007028
1007073
1006631
1006879
1007187
1007322
1007662
1007089
1007415
1007046
1007366
1007012
1006998
1007428
1007148
1007047
1007017
1007295
1007013
1007603
1006776
1006798
1006943
1007335
1006774
1007018
1006878
1007357
1007147
1007373
1007143
1006801
1006720
1007211
1006729
1007026
1007005
1006907
1006758
1007664
1007128
1007092
1007336
1007003
1006721
1007356
1007210
1007652
1007242
1007142
1008695
1008038
1008369
1007985
1007909
1008825
1008478
1007845
1008003
1008213
1007863
1007718
1008480
1007882
1007983
1008067
1008410
1007987
1008005
1007865
1008124
1008264
1008541
1008066
1008822
1008378
1008677
1007924
1008006
1008503
1008128
1008002
1008040
1007926
1007852
1007844
1007710
1008052
1007933
1008578
1007851
1007713
1008651
1007884
1008372
1007990
1008055
1008544
1008207
1008657
1007916
1008497
1008398
1009294
1009241
1009321
1009727
1009566
1008859
1009364
1009493
1009116
1009239
1009530
1009297
1009801
1009446
1008843
1009867
1009726
1009831
1009126
1009472
1009732
1009864
1009205
1009833
1009412
1009302
1009587
1009591
1009043
1009548
1009541
1009113
1009208
1009724
1008835
1009111
1009046
1009619
1009496
1008908
1009358
1008877
1009292
1008988
1009073
1009320
1008864
1009399
1009432
1009072
1009417
1009009
1009528
1009211
1009011
1009734
1008987
1009474
1009204
1009209
1010106
1010670
1010461
1010648
1010333
1010250
1010922
1010262
1010310
1010855
1010480
1010915
1010525
1010062
1010806
1010252
1010254
1010110
1010556
1010483
1010265
1009890
1010063
1009952
1009954
1010028
1010655
1010933
1010313
1010709
1010283
1010304
1010302
1010145
1010573
1010611
1010478
1010008
1010804
1010717
1010142
1010555
1010479
1010932
1010510
1010511
1010920
1010572
1010007
1010530
1010261
1010926
1010045
1010247
1011489
1011484
1011844
1011521
1011854
1011763
1012036
1010991
1011629
1011002
1011395
1011143
1011026
1011867
1011620
1012055
1011622
1011191
1011460
1011564
1012009
1011393
1011630
1012031
1011189
1011340
1011336
1012054
1011322
1011036
1011342
1011490
1011726
1011967
1011335
1011921
1011474
1011029
1011485
1012145
1013192
1012193
1012378
1012159
1012168
1013039
1013030
1012434
1012102
1012867
1013116
1012560
1012564
1012462
1012823
1012278
1012373
1012961
1013077
1013189
1012399
1012464
1013169
1012652
1012166
1012405
1012435
1012146
1012747
1012527
1013168
1012804
1012982
1012398
1012865
1012403
1012678
1012705
1012276
1013027
1012382
1012098
1012281
1012147
1012806
1012090
1012693
1012555
1012704
1012223
1012376
1012822
1012209
1012745
1013199
1013038
1012275
1012653
1012158
1012091
1012298
1012538
1013424
1013972
1013913
1013431
1013495
1014140
1013739
1013818
1013499
1013770
1014165
1014245
1014187
1014097
1013567
1013224
1013817
1013881
1013628
1013973
1014067
1013588
1013550
1014235
1014040
1013935
1013955
1014003
1014156
1013719
1014011
1014041
1014098
1014065
1013521
1013549
1013601
1013473
1014101
1013927
1013626
1013586
1013851
1013850
1013740
1013579
1014058
1014139
1013823
1013964
1014013
1014208
1014061
1014159
1013421
1013883
1013716
1013956
1014155
1014810
1015215
1014892
1014845
1014792
1014444
1014894
1015309
1014532
1014458
1015220
1014351
1014967
1015206
1014861
1014882
1015217
1014809
1014520
1014524
1014771
1015273
1015193
1015278
1014800
1014367
1014773
1014492
1015320
1014321
1015324
1015280
1015213
1014784
1014798
1014937
1014401
1014445
1014765
1014379
1014860
1014326
1015226
1014292
1014368
1014844
1014876
1014448
1014470
1015037
1014352
1014294
1016368
1016081
1015923
1015537
1015870
1015943
1015731
1015691
1015693
1016448
1016345
1015935
1016099
1015888
1015610
1015988
1016176
1016229
1015615
1015884
1015698
1015836
1016470
1016065
1016274
1015879
1015458
1016375
1015883
1016123
1015736
1015485
1015902
1015754
1016272
1016220
1016130
1015944
1015623
1015621
1016175
1016391
1016091
1015896
1016342
1015586
1015808
1015643
1015699
1015880
1016425
1015588
1016451
1016153
1016471
1015613
1015869
1015933
1015897
1016064
1015486
1016335
1016376
1016429
1015495
1015606
1015535
1015830
1016202
1016626
1017540
1016549
1017159
1016714
1017082
1016971
1017264
1017524
1017484
1016584
1016969
1017029
1017539
1016617
1017092
1016510
1017276
1017064
1017152
1016822
1017085
1016824
1016633
1017440
1016759
1017460
1016631
1016829
1016952
1017452
1017284
1017435
1016756
1016582
1016744
1017303
1017171
1017550
1016767
1016703
1016682
1017194
1017274
1017180
1017283
1016828
1016843
1016619
1017093
1017173
1017027
1018189
1018098
1018633
1018262
1018675
1018304
1018492
1018346
1018434
1017659
1017726
1018024
1017678
1018072
1017648
1018132
1018138
1018133
1018279
1018676
1018190
1018693
1017629
1018244
1018499
1018560
1018025
1017876
1017684
1018108
1018564
1017779
1018502
1017602
1018182
1018044
1018300
1017750
1017710
1018254
1018050
1018088
1017713
1017875
1018115
1017685
1018051
1017780
1018402
1018643
1018112
1017647
1018045
1018100
1018130
1018173
1017709
1017587
1018092
1018259
1019503
1018965
1019759
1019507
1019197
1019226
1019580
1019108
1019604
1019374
1018905
1019187
1019826
1019198
1018707
1018787
1018976
1019373
1018964
1019747
1018763
1019752
1019685
1019035
1019488
1018906
1019227
1019037
1019762
1018757
1019836
1019110
1019403
1018979
1019498
1019302
1019686
1019489
1018786
1019723
1020718
1020678
1020252
1020779
1020536
1020660
1020427
1020892
1020885
1020381
1020416
1020925
1020585
1020166
1020344
1020340
1020719
1020641
1020927
1020677
1020902
1020249
1020063
1020842
1020049
1020106
1020600
1020661
1020098
1020136
1019932
1020051
1020273
1020891
1020886
1020251
1019910
1019930
1020089
1020165
1020807
1019927
1019868
1020841
1020640
1020090
1020595
1020486
1020531
1020584
1020426
1020901
1020871
1020004
1020274
1021966
1021595
1021758
1021091
1021487
1021510
1021435
1021752
1021094
1021822
1021389
1021070
1021358
1021222
1021045
1021870
1021967
1021836
1021160
1021564
1021987
1021683
1021502
1021946
1021509
1021679
1021066
1021174
1021612
1021161
1021871
1021873
1021518
1021945
1021204
1021895
1021613
1021874
1021390
1021230
1021835
1021591
1021173
1021046
1021076
1021072
1022686
1022087
1022115
1022493
1022941
1022249
1023021
1022844
1022210
1022009
1022334
1022327
1022141
1022150
1022733
1022441
1022111
1022684
1022336
1022476
1022307
1022870
1022207
1022475
1022403
1022410
1022440
1022363
1023022
1023013
1023138
1022412
1023122
1022158
1022096
1022348
1022033
1022206
1022394
1022479
1022328
1022213
1022257
1022843
1022804
1022243
1022325
1022494
1022636
1022380
1022865
1022486
1022308
1022060
1022805
1022247
1023016
1023131
1022062
1022938
1023280
1023320
1023338
1024325
1023533
1023377
1023158
1024142
1023293
1024154
1024187
1024268
1024145
1024291
1023520
1024272
1024174
1023236
1024009
1024310
1024326
1023577
1024081
1023473
1023420
1024038
1024020
1023629
1023515
1023378
1023994
1023157
1023714
1023484
1023234
1023491
1023634
1023371
1023285
1023202
1023661
1023945
1023534
1023279
1023226
1024175
1023952
1023948
1023330
1024317
1024019
1023974
1023492
1023232
1023998
1023471
1023372
1023419
1023286
1023713
1023463
1023946
1024303
1023583
1023465
1023628
1025030
1024385
1024497
1024752
1025123
1025096
1024350
1025418
1024488
1025453
1024804
1025231
1024443
1024384
1025137
1024836
1025095
1024486
1024510
1025176
1025402
1025381
1025029
1025412
1024921
1024945
1025167
1024436
1024794
1024520
1025431
1025131
1024498
1024414
1024525
1024535
1025446
1024829
1024624
1024496
1025408
1024499
1024944
1024395
1024393
1025140
1024932
1025443
1024976
1024439
1024950
1024726
1024623
1024751
1024419
1024802
1025588
1025792
1026279
1026284
1025679
1026641
1025599
1026525
1026357
1025677
1026202
1025579
1026350
1025670
1026371
1026288
1025475
1026268
1025591
1025771
1026640
1026185
1026453
1026542
1026550
1025993
1025786
1026055
1026287
1026561
1026354
1025603
1026269
1026349
1025925
1025578
1026204
1025600
1026298
1026301
1026575
1025976
1025815
1025785
1025990
1025668
1025926
1026531
1026577
1025813
1025783
1027122
1026798
1026693
1027593
1027098
1026836
1027084
1027212
1027115
1026911
1027097
1027730
1027734
1027617
1027338
1027590
1026694
1027743
1027229
1027391
1026711
1027296
1027348
1027265
1027428
1026868
1026912
1027398
1027644
1027211
1027266
1027415
1027616
1027040
1026891
1026801
1027085
1026869
1026712
1027612
1026685
1027703
1027304
1027496
1027204
1027591
1027639
1027052
1028764
1028628
1027814
1028424
1028714
1028341
1027990
1028626
1028289
1027939
1027934
1028592
1028352
1028451
1027823
1027828
1028418
1028299
1027812
1027923
1028212
1028228
1028686
1027987
1028605
1028258
1027797
1028342
1027806
1028631
1028230
1028226
1028031
1027878
1028050
1028332
1028423
1028519
1028035
1028029
1028069
1028800
1028507
1028430
1028263
1028224
1027924
1027935
1028148
1027941
1028508
1027829
1028684
1028353
1027993
1028146
1028266
1028439
1028259
1028715
1028038
1028296
1027962
1028839
1029526
1029159
1029351
1029451
1029567
1029037
1029095
1029878
1029206
1029851
1029525
1029713
1029398
1029749
1029754
1029010
1029711
1029092
1029846
1029089
1029375
1029718
1029870
1029536
1029086
1028826
1029406
1029373
1029368
1029008
1029871
1028855
1029444
1029157
1029848
1028951
1029403
1029877
1029854
1029041
1030913
1030006
1029888
1030784
1030101
1030460
1030375
1030373
1030176
1030939
1030149
1030180
1030188
1030577
1030048
1030887
1030538
1030935
1030175
1030918
1030530
1030783
1030526
1030084
1030249
1030069
1030459
1030003
1030920
1030387
1030845
1030938
1030104
1030934
1030385
1030661
1030537
1030114
1030187
1030296
1030904
1030445
1030294
1030328
1030512
1030412
1030102
1030663
1030254
1030755
1030071
1031939
1031525
1032066
1031319
1031302
1031021
1031361
1031493
1031593
1031102
1032106
1031363
1031624
1031080
1031243
1032049
1031635
1032067
1031592
1032095
1031065
1032107
1031062
1031101
1031520
1031350
1031348
1031892
1031550
1031244
1031510
1031312
1031172
1031249
1031352
1031230
1031867
1031079
1031694
1031171
1031521
1031289
1031268
1031067
1032050
1031082
1031559
1032097
1031353
1031287
1031674
1032036
1032863
1032780
1032333
1032680
1033205
1032870
1032152
1032634
1032278
1032907
1032621
1032317
1032824
1032364
1033228
1032488
1032217
1032818
1033113
1033175
1032191
1032875
1032231
1032235
1032320
1032410
1032211
1032873
1032371
1032382
1032267
1032170
1032319
1033227
1032639
1032561
1032774
1032558
1032607
1032214
1033114
1032234
1032958
1033089
1033208
1032398
1032365
1033808
1033467
1033547
1033749
1033849
1033459
1033910
1033571
1033761
1034113
1034191
1033481
1033396
1033360
1034350
1033554
1034349
1033912
1033941
1033359
1033774
1033440
1033581
1033831
1033869
1033251
1033511
1033986
1033460
1033562
1034010
1034306
1033407
1033553
1033403
1034049
1033546
1034325
1033468
1033397
1033807
1033252
1033270
1033666
1033754
1033478
1034319
1033450
1034307
1034007
1033935
1033760
1033476
1033834
1033290
1033579
1033987
1034190
1035013
1035002
1034787
1035101
1035017
1035004
1034690
1035429
1034695
1034409
1035228
1035170
1034727
1034535
1034810
1035012
1035065
1035003
1035433
1034583
1034468
1034688
1034782
1035195
1034719
1035397
1035014
1035038
1035491
1035034
1034400
1035241
1035091
1034762
1034819
1034536
1035454
1035490
1034371
1034882
1034518
1035461
1035193
1035019
1034585
1034957
1035334
1034389
1035337
1034577
1035099
1034465
1034720
1035126
1035122
1034883
1034983
1034517
1035064
1035333
1034956
1034967
1034706
1035453
1035457
1034404
1034759
1036111
1035792
1036128
1035834
1036028
1035620
1036050
1036651
1035755
1035856
1035676
1036638
1036313
1036148
1035744
1036625
1035749
1036439
1036375
1036266
1035782
1035557
1036074
1036378
1035756
1036628
1035857
1035669
1035644
1035986
1036449
1035735
1036440
1035536
1035825
1036399
1035979
1035647
1035551
1035679
1036029
1035784
1036451
1035838
1036049
1035799
1035726
1036190
1035794
1035912
1036639
1036653
1035546
1036120
1036191
1035832
1036314
1036122
1036325
1035948
1037701
1037272
1037671
1037736
1036785
1037839
1036909
1037623
1037233
1037792
1036683
1037677
1037555
1036769
1036841
1036951
1037339
1037620
1037271
1036780
1037737
1037483
1037556
1037733
1037207
1037499
1037788
1036834
1036771
1037282
1036992
1037500
1037266
1037079
1037077
1036933
1036696
1037234
1037208
1036679
1037536
1037689
1037198
1036672
1036944
1037680
1037660
1036993
1037199
1036919
1038547
1037958
1038100
1038383
1037953
1038615
1038474
1038125
1037973
1037990
1038273
1038456
1038859
1038264
1038009
1038296
1038294
1038343
1038000
1038825
1038126
1038535
1038292
1037915
1038815
1038610
1038491
1038275
1038487
1038019
1037912
1038850
1037946
1038281
1038012
1038179
1038283
1038524
1038816
1038851
1037947
1038016
1038340
1038112
1038754
1038611
1037960
1038098
1037949
1038176
1038174
1037972
1039216
1039914
1039910
1039785
1039940
1039397
1039638
1039316
1038993
1039788
1039156
1039846
1039975
1039878
1039462
1039183
1039721
1039457
1038980
1039756
1039319
1039279
1039036
1039948
1039160
1039639
1039007
1039376
1039716
1039915
1039780
1039116
1039401
1039038
1039691
1039796
1038992
1039145
1039565
1039214
1039375
1039286
1039351
1038982
1039313
1039564
1039048
1039009
1039192
1039714
1039854
1039480
1039766
1038945
1039580
1039155
1039277
1039015
1039584
1040859
1040069
1040865
1040519
1040487
1040683
1040839
1040729
1040318
1040495
1040440
1040017
1040673
1040144
1040188
1040498
1040881
1040927
1040879
1040257
1041114
1040592
1039997
1040496
1040148
1040520
1040687
1040494
1041116
1040866
1041091
1040725
1041087
1040214
1040438
1040527
1040922
1041060
1040915
1040315
1040676
1040225
1040221
1040920
1040499
1040135
1040226
1040728
1040198
1040584
1041061
1040134
1040255
1041072
1040067
1040582
1040934
1040824
1041516
1041805
1041143
1041404
1042133
1041328
1041946
1041421
1041638
1041406
1041607
1042194
1041203
1041523
1042152
1041212
1041539
1041651
1041186
1041142
1041208
1041663
1041941
1041900
1041919
1041242
1041524
1041308
1042140
1042106
1041179
1041202
1041206
1041530
1041424
1041211
1041529
1041576
1042150
1041332
1042141
1041258
1041129
1041338
1041799
1041665
1041340
1041305
1041650
1041525
1042246
1041197
1041200
1041577
1041409
1041534
1042244
1041519
1042135
1041803
1041801
1041994
1042533
1042749
1042373
1042726
1042682
1043395
1042686
1042620
1042717
1043154
1042262
1043081
1042649
1043358
1042724
1042848
1042537
1043117
1042359
1042361
1042713
1042619
1043405
1042524
1042756
1042520
1042650
1042681
1042628
1043401
1042288
1042631
1042291
1042372
1042738
1043366
1043075
1042893
1043092
1042715
1043071
1043067
1042757
1042294
1043365
1042940
1043102
1042886
1043033
1042627
1042299
1042500
1043070
1043100
1043852
1043518
1043540
1043661
1044318
1043941
1043950
1043600
1044239
1044002
1043816
1043794
1043633
1043673
1044084
1043831
1044408
1043956
1043487
1044060
1043519
1043636
1044331
1043657
1044026
1044406
1043835
1043969
1043793
1043842
1043539
1044123
1044012
1044468
1043910
1044028
1044083
1043915
1044015
1043432
1044330
1044349
1043572
1043763
1044120
1044073
1044259
1043883
1043939
1043489
1043760
1043942
1043918
1044467
1043844
1044390
1044105
1043665
1043907
1043602
1043938
1043855
1044614
1045187
1044727
1044832
1044699
1044594
1044854
1044747
1045367
1044578
1045206
1045394
1044613
1044653
1044731
1044915
1045539
1045097
1045104
1045065
1044959
1044780
1044593
1044855
1044756
1044760
1045129
1045395
1044562
1044703
1044565
1044577
1044781
1045382
1045190
1045194
1044750
1044746
1044623
1045099
1044917
1044724
1044636
1045184
1045405
1045365
1044850
1045195
1045078
1044736
1045446
1044848
1044835
1044723
1044650
1046411
1046569
1046231
1046520
1046672
1046177
1046687
1046184
1046157
1046025
1045791
1046538
1046032
1046685
1046689
1046658
1046529
1045609
1046469
1046659
1046011
1046675
1046090
1046033
1046425
1046587
1046488
1046574
1046156
1046704
1046268
1046589
1046162
1046647
1046091
1046663
1045789
1045978
1046242
1046015
1046555
1046559
1046690
1045977
1046668
1046530
1046648
1046013
1046642
1046676
1046243
1047736
1046966
1046891
1047277
1047191
1046813
1047185
1047187
1047028
1046865
1047344
1046814
1046961
1046845
1047738
1047742
1047454
1047716
1047796
1047420
1047416
1047336
1047353
1047316
1047672
1047338
1047797
1047031
1047259
1047421
1047331
1046840
1047327
1047193
1046873
1046878
1047474
1047734
1047739
1047515
1047509
1046875
1047452
1046922
1046844
1047169
1046889
1047450
1047746
1047115
1047258
1046920
1047108
1047206
1048261
1048746
1048826
1048566
1048076
1048812
1048080
1047903
1047950
1047904
1048434
1048568
1048901
1048810
1048082
1048078
1048595
1048677
1048294
1048312
1048684
1048466
1047851
1048213
1048751
1048414
1047873
1048018
1047962
1048180
1048905
1048900
1048904
1048102
1047966
1048034
1048712
1047888
1048025
1048855
1048108
1048286
1047810
1048462
1048674
1048295
1047872
1048023
1048599
1048185
1048350
1048271
1048167
1047953
1048711
1048464
1047887
1047885
1047859
1048858
1048558
1049125
1048993
1049688
1049447
1049138
1049552
1049377
1049408
1049487
1050005
1049749
1049259
1048989
1049850
1049403
1049488
1049780
1049276
1049903
1049038
1049218
1049922
1049133
1049274
1049076
1049384
1049257
1049209
1049449
1049905
1049710
1049886
1049261
1050003
1049830
1049267
1049565
1049764
1049757
1049949
1049157
1049782
1049153
1048983
1050756
1050991
1050231
1050641
1050690
1050205
1050422
1050320
1050436
1050122
1050476
1050020
1050785
1050559
1050607
1050420
1050196
1050352
1050474
1050120
1050766
1050222
1050781
1050786
1051090
1050227
1050987
1050467
1051088
1050725
1050784
1050319
1050689
1051103
1050126
1050608
1050286
1050722
1050960
1051052
1050595
1050776
1050642
1050751
1050647
1050673
1050720
1050888
1050211
1051104
1050353
1050186
1050795
1050793
1050715
1050713
1050832
1050970
1050826
1050232
1050188
1050217
1050578
1050674
1052080
1051617
1052074
1052032
1051857
1051300
1051228
1051217
1051623
1051698
1051351
1052242
1051347
1051933
1051767
1051432
1051859
1051364
1051588
1051699
1052169
1052049
1052139
1052143
1051326
1051622
1051516
1051187
1051898
1052224
1051229
1051587
1051742
1051504
1051900
1051985
1051515
1051614
1051503
1051855
1051325
1051136
1051848
1052034
1052081
1052231
1052240
1051158
1051139
1052050
1052085
1051571
1051567
1052233
1051298
1051363
1051338
1051788
1052187
1053197
1052255
1052426
1053084
1052836
1052686
1052626
1053060
1053018
1052745
1052693
1053166
1052402
1053250
1052384
1052713
1053088
1052789
1052850
1052417
1052281
1052683
1053286
1052419
1052933
1053195
1052746
1052716
1052932
1052682
1052358
1053251
1052738
1052658
1052725
1053141
1054179
1054315
1054406
1054145
1053483
1054321
1053880
1053752
1053327
1053355
1054303
1054119
1053755
1053466
1053817
1053863
1053815
1053671
1053739
1054166
1053557
1053756
1053767
1053658
1053499
1053419
1053639
1053881
1053763
1054346
1053769
1053675
1053421
1053851
1053708
1054284
1053317
1054178
1054404
1053669
1053576
1054118
1053985
1053894
1054327
1053602
1054347
1054210
1053500
1053850
1053407
1053843
1054328
1053316
1054332
1054300
1053597
1053736
1053638
1053925
1053577
1054298
1054515
1054599
1055431
1055433
1054991
1054752
1054904
1055438
1054668
1054481
1055525
1054640
1054753
1055490
1054969
1055498
1055321
1055236
1055466
1055379
1055024
1055089
1054516
1054562
1054568
1055491
1055487
1055522
1055279
1055239
1055454
1054548
1055025
1054998
1055018
1055096
1055094
1055088
1055441
1055458
1055428
1055199
1054784
1055009
1055528
1054527
1055364
1054669
1055201
1054484
1055121
1055111
1055007
1054864
1054638
1055023
1054587
1055205
1055436
1055434
1055017
1054997
1054551
1055134
1054424
1055326
1054602
1054589
1054865
1056003
1055672
1055607
1056057
1055782
1056035
1056039
1055872
1055903
1055685
1056222
1056155
1056055
1055609
1056141
1055826
1055856
1055943
1056426
1056152
1056383
1056403
1055774
1056407
1056038
1055668
1056138
1055847
1056462
1056389
1056546
1055805
1056212
1055789
1056136
1056492
1056036
1055901
1056548
1056027
1056506
1056395
1056432
1056560
1055854
1056527
1056042
1056220
1055670
1055846
1055855
1055825
1055781
1055786
1056433
1055893
1055999
1056723
1057169
1056659
1056601
1057370
1057186
1056721
1057155
1057202
1057481
1057268
1056732
1056764
1057373
1056890
1057222
1057145
1057257
1056932
1057546
1057371
1057258
1057582
1057513
1057623
1057539
1056887
1056831
1057013
1057247
1057599
1057612
1057167
1057376
1057146
1057198
1057180
1056711
1057015
1057223
1056714
1057183
1057099
1056766
1056828
1058099
1058129
1058650
1058205
1058583
1057801
1057843
1058756
1058391
1058185
1057743
1058120
1057877
1057825
1058639
1057873
1058550
1058620
1058440
1058048
1058227
1058457
1058380
1058696
1058588
1058584
1057702
1058699
1057812
1058500
1058654
1057818
1057870
1058206
1057752
1058123
1058132
1058462
1058439
1058617
1058695
1057800
1058065
1057711
1057817
1058124
1058684
1058657
1059247
1058906
1059725
1058825
1059254
1059252
1059290
1058952
1059249
1059877
1059059
1059337
1059274
1059333
1058787
1058827
1059304
1058853
1059180
1059563
1059058
1058844
1058842
1059830
1059043
1059168
1059742
1058953
1059556
1059080
1058788
1059377
1059587
1059833
1059307
1059045
1059709
1059103
1059181
1059554
1058905
1059734
1058807
1059391
1058934
1058932
1058995
1059306
1059536
1059078
1059325
1059581
1059842
1058998
1059836
1058815
1059150
1059733
1058973
1058878
1058802
1059855
1059920
1060669
1060966
1060536
1060955
1060018
1060926
1060417
1060358
1060159
1060478
1060480
1060316
1060361
1060356
1059965
1060668
1060707
1059956
1060555
1060063
1060786
1060298
1060160
1059896
1060948
1060556
1059951
1060465
1060297
1060783
1060315
1060398
1060640
1059913
1060291
1060785
1060781
1060665
1060727
1060407
1060418
1060930
1060775
1060487
1060713
1060934
1060486
1060564
1061441
1061462
1061684
1061030
1061141
1061689
1061396
1061703
1061721
1061448
1062123
1061996
1061524
1061330
1061853
1061454
1061719
1061466
1061694
1061433
1061822
1061331
1061071
1061817
1061603
1061607
1061473
1061536
1061069
1061209
1061850
1061250
1061906
1061487
1061870
1062060
1061872
1061655
1061412
1061359
1061421
1061099
1061529
1061608
1061697
1061423
1061104
1061803
1061799
1061842
1061189
1061630
1061393
1061668
1061259
1061464
1061132
1061602
1061191
1061863
1061281
1061654
1062224
1062729
1062740
1062184
1063350
1063362
1062391
1062530
1063185
1062244
1062753
1062393
1062726
1062449
1062665
1062403
1062506
1062841
1062188
1063351
1062971
1062663
1063326
1062172
1062528
1062366
1063303
1062323
1062241
1063292
1062223
1062693
1062849
1062754
1062394
1062325
1062859
1062982
1063288
1062684
1062888
1062445
1062387
1062655
1062858
1062478
1062620
1062622
1063359
1062981
1062385
1062653
1062739
1064452
1063414
1064468
1064157
1063618
1063537
1064365
1063945
1064340
1063580
1064335
1064210
1064449
1063586
1064515
1064158
1064453
1064521
1063738
1063524
1064208
1064089
1064087
1063856
1063500
1064275
1063619
1064005
1063852
1063902
1064391
1063585
1063944
1063394
1064276
1064080
1064268
1064264
1064443
1064478
1064466
1063554
1063759
1064082
1063657
1063659
1064144
1063715
1064522
1063527
1063716
1064477
1063393
1064513
1063753
1065220
1065552
1064593
1065543
1065230
1065375
1064933
1064640
1064893
1064979
1065567
1064771
1064957
1065219
1064982
1064917
1065609
1065168
1064866
1065563
1064882
1065480
1065249
1065154
1064962
1065182
1064811
1064778
1065248
1065102
1064820
1064916
1064696
1065137
1064594
1064826
1064896
1064843
1064598
1064825
1064635
1065478
1065447
1065330
1064773
1065334
1064698
1064819
1064998
1064683
1064931
1064977
1065564
1065213
1064883
1064595
1065185
1066104
1065995
1066471
1065899
1066208
1066689
1065720
1066188
1066636
1066352
1066288
1065927
1066003
1066150
1066694
1066394
1066196
1066392
1066207
1066216
1065924
1065844
1066349
1066189
1065840
1066722
1066695
1065894
1066733
1066415
1066468
1065847
1066297
1066698
1065835
1066230
1065713
1065714
1066706
1066461
1066691
1066743
1065880
1066739
1065836
1066699
1066436
1066140
1066448
1067006
1067077
1067365
1066992
1067633
1067562
1067066
1067741
1067682
1067389
1067293
1067247
1067503
1066849
1066749
1066806
1066826
1067863
1067235
1067394
1067294
1067337
1067459
1067731
1067735
1067433
1066805
1067411
1067216
1067850
1067563
1066819
1066919
1067236
1067396
1067248
1067005
1067366
1067680
1067191
1067434
1067693
1067473
1066827
1067220
1067642
1066824
1067193
1066847
1066994
1067855
1067067
1068845
1068108
1068931
1068969
1068155
1068270
1068265
1068242
1068944
1068325
1068170
1068238
1068796
1068245
1068165
1068716
1068150
1068928
1068595
1068389
1068948
1068566
1068109
1068551
1068090
1068702
1068698
1068966
1068964
1068251
1068700
1068791
1067891
1068638
1067953
1068950
1068565
1068173
1068862
1068423
1068422
1068792
1068976
1068669
1068621
1068381
1068172
1068691
1068597
1068675
1068089
1068671
1068639
1068390
1070012
1069941
1070006
1070008
1069992
1069443
1069544
1069117
1069553
1069101
1069857
1069751
1069110
1069103
1069730
1069744
1069254
1069700
1069381
1069115
1069570
1069340
1069148
1069542
1069108
1069642
1069334
1070014
1069545
1069068
1069940
1069346
1069641
1069528
1069496
1069246
1069447
1069382
1069344
1069514
1069554
1069913
1069621
1069113
1069471
1070579
1070460
1070681
1070545
1070449
1071098
1070627
1070599
1070191
1070293
1070578
1070097
1070725
1070068
1070361
1070547
1070188
1070715
1070331
1070907
1070031
1070600
1070762
1070368
1070363
1070713
1070392
1070318
1070438
1070044
1071015
1070040
1070243
1070184
1070879
1070730
1070324
1070447
1070024
1071009
1070548
1070378
1070067
1070296
1070232
1070881
1070998
1070332
1070439
1070345
1070555
1070763
1070626
1070733
1070669
1070790
1070185
1070343
1071010
1070339
1070379
1070818
1070820
1070737
1070099
1070919
1070220
1071527
1071461
1071491
1071571
1071333
1071440
1072147
1071251
1071247
1071229
1072144
1071734
1071930
1071349
1072059
1071327
1072311
1071812
1071877
1071936
1071708
1071526
1071320
1071361
1071939
1072148
1071393
1071980
1071484
1071520
1071960
1071882
1071540
1071876
1072312
1071836
1071188
1072299
1071944
1071185
1071962
1071394
1072293
1072324
1071518
1071302
1071181
1071441
1071726
1071245
1072164
1071460
1072204
1071675
1071413
1071243
1071940
1071482
1071418
1071981
1071673
1071501
1071365
1071727
1071539
1072326
1071900
1071308
1072160
1072528
1072746
1073223
1072476
1072863
1072446
1072828
1072517
1072441
1073218
1072428
1073375
1072606
1073021
1072493
1072865
1072629
1072519
1072903
1072770
1072415
1073194
1072812
1072418
1072480
1072622
1073323
1072628
1073060
1072533
1073306
1073440
1072425
1072904
1072535
1072525
1073117
1072981
1073417
1073014
1073441
1072364
1073236
1073277
1072530
1072784
1072782
1072482
1072898
1073114
1072568
1072389
1073017
1073434
1073024
1072604
1072526
1072826
1072448
1072387
1072939
1073240
1073278
1072744
1074511
1074260
1073826
1073924
1073802
1073891
1073713
1073765
1074116
1073926
1073789
1073626
1073599
1074527
1074234
1073764
1073823
1073571
1073646
1074270
1074224
1074021
1074489
1073598
1074073
1073644
1074351
1073968
1074250
1073672
1073966
1074206
1074082
1073715
1074548
1073758
1073856
1074352
1074020
1073563
1073752
1073836
1074117
1074886
1074843
1074630
1075339
1075234
1075102
1075650
1074906
1074997
1075646
1074990
1075529
1074885
1074596
1075000
1075237
1074962
1074662
1075522
1075336
1074989
1075112
1075168
1074905
1075654
1074722
1075144
1074957
1074961
1075170
1074661
1075519
1075638
1075096
1075062
1074955
1075318
1075517
1074632
1074746
1074908
1075648
1074779
1074747
1074757
1074844
1074798
1074763
1075097
1075779
1076103
1076246
1076124
1076092
1075928
1075977
1075771
1075764
1076007
1076470
1075701
1076282
1075870
1076220
1076468
1076366
1076492
1076006
1075717
1075877
1076507
1076338
1076503
1075848
1075772
1076148
1076539
1076635
1076572
1075930
1076574
1076803
1075783
1076739
1076121
1076276
1075763
1076067
1076063
1076279
1076562
1076179
1075869
1075714
1075923
1076109
1076192
1076062
1075853
1076305
1076525
1076485
1076481
1076700
1076339
1076711
1075921
1076175
1076543
1076706
1076802
1075780
1077407
1077465
1077738
1077096
1077115
1077324
1076831
1077488
1077408
1077099
1077257
1077473
1076827
1077924
1077325
1077460
1077464
1077319
1077774
1077714
1077624
1077255
1077492
1077059
1077717
1076949
1077902
1077166
1077028
1077052
1077146
1077511
1077472
1077737
1077142
1077811
1077180
1077909
1077049
1077574
1077512
1077021
1077816
1077139
1077141
1077892
1077934
1077765
1077168
1077832
1077536
1077165
1077773
1077905
1076945
1077923
1078154
1078487
1078020
1078807
1078149
1078274
1078798
1078302
1078122
1078147
1078106
1078995
1078862
1078258
1078653
1078976
1078925
1078657
1077941
1078809
1078054
1078041
1078045
1078118
1078084
1078107
1078595
1078955
1078160
1078990
1078611
1078303
1078043
1078298
1077971
1078530
1078776
1078958
1078334
1078467
1078017
1078256
1078714
1077977
1078297
1078034
1078966
1078073
1078702
1078139
1078565
1078076
1079007
1078614
1078703
1078679
1079003
1078967
1078945
1078339
1078566
1078124
1078678
1078978
1078138
1078890
1078272
1078795
1078791
1079395
1079135
1079108
1079481
1079489
1079497
1079495
1079905
1079337
1080143
1079412
1079311
1079224
1079396
1079604
1079422
1080126
1080130
1079312
1079036
1079936
1079726
1079557
1079555
1080134
1079747
1080128
1080151
1079895
1080145
1079728
1079226
1079256
1079109
1079166
1079392
1079352
1079839
1079409
1079262
1079468
1080133
1079950
1079903
1079641
1079367
1079846
1079134
1079139
1080303
1080728
1080475
1080607
1080883
1080865
1080724
1081134
1081249
1081002
1081004
1081340
1081329
1080768
1080993
1080867
1080179
1080302
1080884
1081296
1080414
1080412
1080361
1081316
1080635
1081268
1080293
1080767
1081135
1080729
1080877
1080422
1080833
1080903
1080565
1081059
1080476
1080719
1081221
1080416
1080411
1080790
1080359
1080365
1080902
1080746
1080917
1080718
1080939
1081001
1080781
1081006
1080440
1080971
1080919
1080692
1081319
1080636
1080562
1081616
1082252
1082229
1081975
1081425
1081461
1081437
1081712
1082379
1081922
1081530
1082176
1082244
1081681
1081421
1081966
1081713
1081586
1081521
1081529
1081516
1081999
1081958
1081773
1081585
1082042
1081464
1081688
1081921
1082029
1081519
1081589
1081346
1082155
1081362
1081689
1081956
1081693
1082376
1081436
1082073
1081793
1081682
1081422
1082594
1082653
1082423
1082970
1083182
1083409
1082791
1083316
1083079
1082600
1083230
1083437
1083489
1082840
1082595
1083362
1083408
1083333
1082533
1082656
1083319
1083092
1083441
1083464
1082983
1083326
1083488
1083039
1083081
1083380
1083303
1082809
1082882
1083454
1082532
1083378
1083136
1082661
1082606
1083192
1083250
1082768
1083094
1083038
1083415
1082841
1082770
1082792
1082879
1082875
1083252
1083743
1084375
1083962
1084135
1084459
1083824
1084497
1083570
1084489
1083975
1083963
1083595
1084535
1084139
1084165
1084145
1084496
1083726
1083610
1083904
1083627
1083910
1083839
1084228
1084147
1084132
1083988
1084102
1084486
1084522
1083696
1083977
1084372
1083986
1083612
1084133
1084001
1084103
1084166
1084122
1084521
1084204
1083535
1084965
1085623
1084708
1084665
1085473
1084751
1085398
1084632
1085686
1085368
1085160
1085652
1084730
1085657
1084710
1085400
1084770
1085534
1085416
1084630
1085373
1085186
1085091
1085660
1084702
1085123
1085399
1084627
1085077
1084889
1085013
1085649
1084700
1084681
1085075
1085159
1085653
1085517
1085127
1085569
1084943
1085332
1084683
1085303
1084748
1084706
1084917
1085685
1085302
1085568
1085377
1084938
1084964
1085661
1084920
1085386
1085535
1084596
1084624
1085276
1084895
1085471
1085270
1085015
1084724
1084715
1085092
1084666
1086231
1086809
1086192
1085881
1086140
1085902
1086709
1085965
1086713
1085896
1086811
1085803
1086562
1086472
1086711
1086518
1086284
1086480
1085918
1086016
1086058
1085770
1086424
1085901
1086209
1086213
1085882
1085793
1086130
1085889
1085716
1086643
1086132
1086109
1086282
1086797
1086536
1086216
1086821
1086107
1085794
1086039
1086148
1086652
1086015
1086060
1086799
1086043
1085866
1086513
1086664
1085769
1085928
1086051
1086038
1086456
1085895
1085884
1086234
1086462
1086053
1085867
1087915
1087502
1088003
1087520
1086992
1087140
1086916
1087504
1087711
1087294
1087652
1087947
1087507
1086951
1087211
1086879
1087800
1087733
1087317
1086917
1087102
1087307
1087801
1086830
1086987
1087451
1086950
1088009
1087215
1087923
1087945
1087598
1087511
1087207
1087099
1087540
1087019
1087597
1087319
1086877
1087715
1087771
1087773
1087334
1087806
1087681
1087020
1087141
1087922
1087885
1087879
1088809
1088708
1088775
1088798
1088290
1088565
1088196
1088996
1088021
1088800
1088849
1088812
1088707
1088994
1088230
1088354
1088771
1088810
1088050
1088054
1088205
1088092
1088542
1088901
1088258
1088025
1088266
1088291
1088342
1088409
1088668
1088138
1088550
1088508
1088770
1088414
1088581
1088564
1088541
1088417
1088112
1088379
1088547
1088587
1088039
1088137
1088806
1090097
1090099
1089672
1089431
1089439
1089674
1089552
1089975
1089676
1089616
1089581
1089947
1089963
1090088
1089495
1089319
1089064
1089964
1089291
1090133
1089362
1089164
1089084
1089859
1089800
1090104
1089948
1089863
1089166
1089553
1089162
1089783
1089430
1089872
1089298
1089997
1089887
1089647
1090137
1089753
1089580
1089492
1089757
1089684
1089321
1089156
1089586
1089127
1090144
1089897
1089056
1089782
1089476
1090147
1090149
1089663
1089441
1089292
1089474
1089914
1089801
1091042
1090394
1091275
1091250
1091246
1090845
1090567
1091293
1090186
1090715
1090164
1091216
1091288
1091062
1091030
1090248
1091247
1090430
1091274
1090973
1091223
1090231
1091013
1090971
1090418
1090607
1090611
1090582
1090275
1090843
1090559
1091045
1090445
1091144
1091284
1090221
1090372
1090644
1091173
1091063
1090168
1091171
1090346
1091147
1090220
1091291
1091270
1090583
1090280
1090804
1090308
1090446
1090784
1090432
1091012
1090363
1090640
1091102
1092212
1091312
1092214
1092154
1091393
1091479
1091792
1092353
1091377
1091971
1091761
1091612
1091692
1092325
1091480
1091376
1092159
1091776
1092280
1091997
1091930
1091488
1091978
1091436
1092172
1092048
1092367
1092240
1092313
1091674
1091645
1092098
1091401
1091673
1091466
1091426
1091690
1092312
1091915
1091666
1091722
1091484
1091486
1092210
1092278
1091817
1092361
1092360
1091407
1091787
1091979
1091914
1092054
1091782
1091665
1091489
1091625
1091611
1091427
1091313
1092153
1092347
1092051
1093236
1092755
1092979
1093369
1092469
1093364
1093054
1093106
1093381
1093002
1093031
1092769
1092645
1093112
1092873
1092858
1093264
1093382
1093001
1092944
1093068
1093439
1092943
1092762
1092758
1093026
1093386
1093372
1093448
1092872
1092792
1092863
1092572
1093184
1093446
1092466
1092980
1092921
1092783
1092870
1092570
1093051
1092888
1092924
1093283
1092644
1092505
1092887
1092791
1092950
1092975
1093113
1092431
1093199
1093243
1093919
1094561
1093876
1093639
1094202
1094106
1094502
1094075
1093975
1094554
1094311
1094112
1094305
1094002
1094571
1093640
1094489
1093723
1093887
1093974
1094553
1093481
1094137
1093487
1094392
1093934
1094256
1094219
1094430
1094223
1093863
1093597
1094113
1094262
1093888
1093928
1093731
1093865
1093691
1094277
1094291
1094437
1094368
1094503
1094199
1094098
1094080
1094143
1094520
1094518
1094393
1094001
1094302
1093929
1093933
1094342
1093491
1094141
1094136
1093635
1093877
1094198
1093595
1093560
1093558
1094274
1095539
1095321
1094804
1095634
1095005
1094800
1095725
1095129
1094705
1095039
1095368
1094672
1095384
1094780
1095091
1095089
1095324
1095540
1094662
1095167
1094884
1095125
1094813
1095635
1095216
1095116
1094623
1095448
1094660
1095292
1095596
1094702
1095726
1094723
1095385
1094689
1094691
1094877
1094721
1094956
1095424
1094650
1095166
1095341
1095370
1094732
1095123
1094916
1095581
1095403
1095507
1095597
1095058
1094812
1094677
1094892
1095425
1094994
1094649
1095366
1094878
1095274
1094894
1094951
1094949
1095293
1095280
1095580
1095127
1096294
1096136
1096861
1095969
1095997
1095916
1096178
1095937
1096595
1096280
1095864
1096121
1095968
1096079
1096048
1095999
1096688
1096403
1096862
1095753
1096669
1095915
1096021
1096197
1096637
1096845
1096834
1096829
1095855
1096137
1096848
1096198
1096042
1096825
1096339
1096687
1096119
1096257
1096594
1095966
1095803
1096253
1096586
1096333
1096670
1095805
1096421
1095877
1096177
1096793
1095862
1095789
1096769
1095958
1096587
1096815
1096047
1096043
1096077
1095782
1096018
1096228
1097111
1097492
1097045
1097006
1097524
1097259
1097336
1097770
1097515
1097682
1097898
1097457
1097750
1097279
1097827
1097014
1097025
1097723
1097748
1097624
1097046
1097230
1097725
1097509
1097708
1097142
1097131
1097573
1097595
1097714
1097583
1097715
1097645
1097258
1097489
1097584
1097233
1097000
1097885
1097391
1097607
1097388
1097024
1097029
1097275
1097081
1097139
1097525
1097890
1097881
1098761
1098801
1099045
1098128
1099040
1099017
1098658
1098850
1097946
1098131
1098821
1098569
1098431
1098302
1098050
1099016
1098438
1098934
1098061
1098488
1098804
1098819
1098142
1098436
1098994
1098972
1098757
1098897
1098045
1098575
1098125
1098603
1099068
1099046
1098733
1099004
1098985
1098595
1098495
1098416
1098294
1098734
1099003
1098752
1098502
1098140
1099032
1098599
1098909
1098760
1098941
1100113
1100141
1100137
1100010
1100175
1099349
1099929
1099828
1100154
1099737
1099102
1099105
1100005
1100009
1099431
1099120
1100020
1100106
1100104
1099280
1099264
1099276
1100138
1100018
1099620
1099662
1099081
1099773
1099296
1099169
1100105
1099269
1099918
1099283
1100142
1099827
1100000
1099267
1099277
1099619
1099724
1100149
1099094
1100681
1100635
1100557
1101078
1101140
1101044
1101192
1101097
1101213
1100396
1100785
1101093
1100505
1101022
1100361
1100712
1100808
1100418
1100416
1101211
1100836
1101056
1100884
1100556
1100440
1100245
1100815
1100387
1100839
1100544
1100794
1100780
1100502
1100845
1101024
1100870
1101027
1100791
1101038
1100672
1100394
1100539
1100543
1100944
1101198
1100965
1101043
1100249
1100805
1100797
1100877
1100786
1101167
1100204
1100441
1101011
1101142
1100636
1100229
1101359
1101903
1101248
1102142
1102014
1102019
1102128
1102232
1102213
1102037
1101640
1102075
1101858
1101408
1101681
1101360
1101983
1101664
1101397
1102059
1102061
1102033
1102074
1101666
1101700
1101717
1102255
1101864
1101373
1101638
1101396
1101352
1101425
1102083
1101988
1102253
1101495
1101336
1102126
1101316
1101398
1101409
1101859
1102211
1101865
1102038
1101335
1102226
1101945
1102004
1101494
1102382
1103206
1103217
1102712
1102303
1102676
1102678
1102674
1102775
1102767
1103020
1103243
1103078
1103049
1102281
1102336
1102342
1102959
1102681
1102935
1102946
1103029
1102940
1103047
1102961
1102650
1102611
1102383
1103312
1103360
1103341
1102572
1102950
1102400
1103069
1102661
1102368
1102352
1102340
1102662
1102731
1102651
1103169
1102729
1102389
1103180
1103205
1103677
1103658
1103766
1104413
1103941
1103833
1104104
1103445
1104007
1104124
1103903
1104402
1104412
1103763
1103946
1103710
1104264
1103605
1103676
1104280
1103899
1104361
1103794
1103902
1103758
1103780
1104262
1103754
1104100
1104400
1104360
1103459
1103446
1103787
1103683
1103603
1104125
1103630
1103894
1103704
1103802
1103687
1103684
1103443
1104350
1103703
1103370
1103784
1103830
1103712
1104129
1104586
1104689
1105285
1104853
1104621
1105434
1105155
1104786
1104878
1105225
1105238
1104493
1104758
1104498
1105497
1105048
1104585
1105250
1105113
1104809
1104787
1105508
1104811
1104602
1105156
1104563
1104838
1104620
1104863
1104463
1105224
1105333
1104495
1105269
1105085
1105399
1104989
1105332
1105186
1105239
1104832
1104797
1105584
1104564
1104991
1105498
1105047
1105051
1105288
1105082
1104555
1104688
1104795
1104494
1105394
1104880
1105185
1105053
1104500
1105073
1104856
1105072
1105110
1104454
1104841
1106231
1106487
1106586
1105775
1105882
1106611
1106055
1106521
1106172
1106342
1106612
1105875
1106444
1105773
1106076
1105881
1106091
1106246
1106421
1105909
1105998
1106056
1106228
1106023
1106287
1106218
1106419
1106173
1105941
1105648
1105684
1106133
1105746
1106447
1106440
1105728
1105940
1105872
1106508
1106339
1105765
1106428
1106288
1105747
1106093
1105599
1105674
1106435
1106567
1105647
