319
424
323
455
78
397
570
746
826
768
678
105
513
443
693
529
732
372
93
782
344
65
801
27
190
266
627
335
775
248
665
385
118
852
824
62
169
662
382
772
332
855
744
785
375
735
426
257
719
609
843
151
102
723
9
264
797
530
88
38
580
346
507
401
452
638
688
368
856
873
262
104
425
561
353
467
736
376
786
454
433
483
657
822
209
64
57
742
664
384
774
334
559
810
288
238
345
473
456
342
374
734
784
867
106
825
278
745
854
293
422
833
753
410
48
540
386
666
336
776
265
227
498
648
121
66
838
298
427
465
521
140
210
394
43
758
222
643
809
493
478
796
311
347
506
24
862
655
256
624
55
273
1
865
827
652
438
488
396
159
601
711
747
52
409
283
233
254
626
26
161
267
225
794
462
504
358
848
252
395
201
180
130
107
728
866
464
502
83
33
792
633
551
363
683
457
654
226
67
25
300
54
777
337
625
667
387
569
518
698
10
448
466
700
610
98
787
590
737
377
129
22
864
857
113
243
622
505
795
170
328
56
255
73
392
656
224
763
673
639
250
689
369
89
39
132
182
790
537
481
431
587
500
8
718
608
175
351
563
302
146
15
216
871
615
595
168
705
12
249
751
119
592
612
702
123
528
20
291
197
831
620
305
769
679
79
144
214
172
471
577
390
318
185
135
803
499
649
212
49
174
142
417
691
441
511
306
547
91
220
279
14
704
594
614
136
186
860
321
289
239
650
403
50
304
558
176
153
841
817
721
208
134
184
706
460
596
616
215
145
16
415
545
260
196
359
584
534
408
820
31
81
576
740
361
681
631
553
812
158
203
439
489
815
71
586
536
671
340
761
194
479
420
808
111
147
759
217
241
574
542
412
839
299
535
585
177
816
271
544
414
329
572
313
17
41
707
128
491
617
641
780
730
370
597
192
99
523
850
519
699
449
195
60
568
546
307
416
770
330
380
660
814
163
575
187
137
231
100
281
3
582
729
532
849
603
713
450
0
354
508
37
87
798
476
600
687
367
710
453
325
637
842
874
258
103
589
722
539
695
445
515
296
160
95
836
434
484
63
756
383
663
333
773
28
520
141
117
853
876
247
211
628
474
512
692
442
356
199
92
733
373
783
754
845
398
77
436
486
725
677
767
310
294
834
322
579
875
752
47
11
701
647
611
228
497
591
832
292
355
423
324
549
419
726
868
485
435
171
846
277
514
444
694
472
94
343
326
475
181
200
131
237
287
823
658
432
482
819
550
58
743
96
835
468
295
352
516
301
696
446
872
844
755
724
263
357
463
84
34
634
684
364
116
45
246
877
495
645
268
150
282
232
487
653
531
581
437
828
766
676
400
748
275
53
76
863
272
114
244
477
571
636
366
686
235
348
285
86
36
42
219
757
74
149
223
492
642
764
674
800
428
297
837
191
393
72
44
179
762
672
644
494
35
85
286
236
365
685
635
327
23
599
619
709
242
19
623
274
112
858
447
411
697
541
517
738
378
788
97
120
309
284
234
560
68
496
646
388
668
778
245
338
115
46
82
793
32
139
189
503
632
458
362
682
75
253
276
811
847
675
727
108
765
578
70
406
670
760
341
317
804
173
399
156
198
565
421
527
110
240
13
629
703
122
593
29
613
154
125
167
806
261
404
562
303
7
821
588
30
80
538
607
741
360
680
717
259
630
133
509
183
799
61
805
126
331
771
661
381
469
818
152
59
207
659
230
280
101
402
564
557
451
405
270
155
869
124
548
40
418
566
781
640
490
371
731
229
802
851
143
213
543
413
750
429
314
807
166
290
21
830
621
218
148
349
524
555
606
470
391
716
6
205
251
749
813
157
164
829
202
480
791
430
316
501
407
552
350
269
4
604
714
870
526
583
109
533
651
2
51
712
602
459
840
720
315
138
188
389
669
779
339
69
204
162
567
461
525
554
308
522
739
379
789
193
440
18
690
510
859
598
221
618
90
127
708
165
573
556
312
206
5
861
715
320
605
178
