319 346
319 340
319 324
319 475
424 427
323 346
323 324
455 467
78 385
78 267
78 107
78 79
78 208
78 325
78 294
78 181
78 263
78 122
78 391
397 398
570 572
570 578
746 752
826 826
768 769
678 683
105 106
513 529
513 521
443 772
443 466
443 491
443 484
443 733
443 725
443 446
443 762
443 799
693 694
529 542
529 531
732 736
372 600
372 373
372 583
93 95
93 338
782 784
344 345
344 474
344 402
65 66
65 89
801 804
27 31
27 28
190 191
266 267
627 628
335 336
335 710
775 776
248 249
665 666
665 671
665 707
385 386
385 393
118 702
118 476
118 150
852 856
852 871
824 825
824 830
62 222
62 252
62 63
169 170
662 665
382 409
772 776
332 333
332 697
855 856
744 756
785 786
785 836
375 375
735 736
426 657
426 427
426 676
426 607
257 385
257 258
257 391
719 832
719 741
719 720
609 613
843 844
843 847
151 288
151 239
151 260
151 299
151 179
151 154
151 259
151 205
151 157
151 204
102 104
723 724
9 106
9 33
9 12
264 390
264 268
797 820
797 853
797 797
530 542
530 531
88 95
88 339
38 39
38 607
580 582
580 581
346 347
346 581
507 508
401 402
452 468
638 647
688 689
368 410
368 370
856 867
873 875
262 267
262 263
104 478
104 113
104 115
425 693
425 782
425 426
425 498
425 468
425 738
425 629
425 501
561 561
353 354
353 405
467 468
736 737
376 655
376 377
376 419
376 653
376 675
786 797
786 829
454 455
433 688
433 633
433 625
433 803
433 681
433 453
433 726
433 437
433 496
433 807
483 485
657 660
822 823
209 210
209 311
64 65
57 415
57 58
57 560
742 743
664 665
384 389
774 776
334 335
334 507
559 560
810 811
288 290
238 401
238 368
238 333
238 697
345 353
345 664
345 406
473 857
473 473
456 457
456 615
456 684
456 458
342 343
374 375
374 595
374 597
734 736
784 785
867 872
106 107
825 826
278 280
745 746
745 754
854 855
293 325
293 294
293 391
422 424
833 835
753 754
410 414
410 470
48 54
540 722
540 543
540 712
386 389
666 668
666 669
336 337
776 777
265 266
265 287
227 229
498 503
648 649
121 122
66 747
66 86
838 839
298 344
298 332
298 347
298 566
298 567
427 469
465 467
521 540
521 526
140 144
210 214
210 217
210 310
394 395
43 47
43 675
758 787
758 790
758 759
758 760
222 229
643 646
809 810
493 497
478 499
478 479
796 797
311 312
347 352
506 508
24 424
24 376
24 25
24 423
24 607
862 864
655 656
256 363
256 355
256 269
624 626
55 56
55 223
273 342
273 356
273 274
1 159
1 12
1 2
865 873
865 866
865 871
827 876
827 837
827 829
652 654
438 439
438 444
488 490
396 398
159 161
159 558
601 673
601 670
601 604
601 669
711 712
747 748
52 648
52 54
52 175
52 174
52 681
52 641
52 101
52 739
409 409
283 286
233 237
233 235
254 255
626 627
26 27
26 287
161 163
267 386
267 268
225 768
225 278
225 226
225 615
225 304
225 726
225 301
225 494
225 284
225 806
225 280
794 795
462 467
504 843
504 822
504 504
358 360
848 849
252 321
252 329
252 285
252 253
252 308
395 396
395 399
201 513
201 202
180 181
130 146
130 131
107 112
107 110
728 772
728 729
728 802
866 867
464 465
464 633
502 503
83 182
83 84
83 124
83 109
33 35
792 828
792 793
633 634
551 552
363 364
683 692
457 459
654 656
226 227
226 228
67 425
67 184
67 111
67 268
67 86
67 297
67 317
25 27
300 301
54 61
777 779
337 339
625 626
667 668
387 392
387 388
569 570
518 519
698 699
10 106
10 493
10 655
10 12
10 279
10 304
10 41
10 245
10 807
10 440
448 775
448 737
448 614
448 491
448 449
448 619
448 632
448 727
448 680
448 805
448 802
448 459
466 467
700 711
700 713
700 701
610 611
98 639
98 100
98 767
98 805
787 789
590 592
737 738
377 667
377 594
377 721
377 839
377 672
377 378
377 793
129 134
22 30
864 865
864 874
857 864
857 858
113 335
113 118
113 544
113 477
243 250
243 247
622 623
505 506
795 796
795 836
170 171
328 331
56 62
56 102
56 283
56 329
56 307
56 173
56 61
56 251
56 138
255 256
255 273
73 74
392 395
656 657
224 293
224 226
763 803
763 766
673 695
639 641
250 251
689 690
369 410
369 370
89 92
39 39
132 133
182 186
182 183
790 792
537 553
481 482
431 437
587 589
500 503
8 12
718 839
718 832
718 818
718 720
608 630
175 176
175 192
175 198
351 352
563 564
302 306
146 149
15 16
15 29
216 386
216 233
216 393
216 218
871 872
615 616
595 596
168 170
705 718
705 706
12 13
249 251
751 753
751 752
119 121
592 606
612 613
702 704
123 125
123 127
528 744
528 758
528 533
20 24
20 226
20 170
20 239
20 299
20 63
20 432
20 53
20 244
20 242
20 451
20 155
20 429
20 21
291 293
197 200
831 837
620 679
620 621
305 306
769 770
679 680
79 85
144 507
144 505
144 145
144 148
214 265
214 215
172 173
471 472
577 586
390 392
318 319
185 318
185 186
185 432
185 451
135 559
135 140
135 159
135 136
135 681
135 814
135 450
135 171
135 724
135 623
803 804
499 500
499 509
649 651
212 213
49 732
49 735
49 54
49 803
49 677
49 485
174 176
174 192
174 198
142 143
417 657
417 608
417 471
417 783
417 482
417 418
691 692
441 450
511 519
511 512
511 522
306 307
547 549
91 433
91 439
91 194
91 271
91 231
91 434
91 92
91 451
220 229
279 280
14 16
14 29
704 718
704 706
594 817
594 605
614 617
136 142
136 137
186 190
186 187
186 516
860 861
321 323
321 579
289 290
239 240
650 651
403 481
403 408
50 276
50 51
50 162
304 305
304 379
558 560
176 190
176 511
176 187
176 516
153 288
153 239
153 260
153 299
153 179
153 154
153 259
153 205
153 157
153 204
841 842
817 828
817 818
721 743
208 233
208 218
134 507
134 145
184 190
184 187
184 516
706 816
706 798
706 709
706 840
460 462
596 601
596 599
616 617
215 216
215 258
145 335
145 506
145 150
145 538
16 30
415 416
415 554
545 705
545 546
260 262
196 518
196 197
196 198
359 360
584 586
534 662
534 535
534 703
408 409
408 667
408 605
820 825
820 823
31 31
81 82
576 577
740 742
361 825
361 362
681 682
631 822
631 862
631 631
553 554
812 814
158 165
203 551
203 354
203 333
439 638
439 624
439 462
439 615
439 679
439 489
439 724
439 494
439 806
439 440
489 763
489 730
489 644
489 778
489 490
815 843
815 841
815 819
71 288
71 291
71 260
71 177
71 72
71 205
586 606
536 537
671 672
340 345
340 582
761 785
194 195
194 515
194 199
479 699
479 703
479 480
420 652
420 421
420 607
808 810
111 478
111 113
147 149
759 833
759 795
759 761
217 266
217 257
217 233
217 330
217 295
217 297
217 327
217 388
217 218
241 242
574 590
574 575
574 578
542 722
542 543
542 712
412 784
412 413
412 813
839 843
839 841
299 306
535 536
585 586
177 180
816 839
816 818
271 342
271 356
271 274
544 702
544 545
414 469
329 331
329 349
572 590
572 575
313 318
313 322
313 316
17 422
17 558
17 381
17 18
41 43
707 718
707 708
128 129
491 492
617 618
641 642
780 781
730 731
370 471
370 371
597 598
192 518
192 197
192 515
99 302
99 100
523 530
523 525
850 855
850 873
850 851
850 870
519 523
519 520
699 701
449 768
449 691
449 641
449 450
449 485
195 518
195 197
60 102
60 175
60 220
60 307
60 284
60 61
568 570
546 547
307 323
307 579
307 309
416 417
416 798
416 593
770 781
330 331
380 381
660 668
814 815
163 172
163 164
575 577
187 519
187 189
137 138
231 238
100 101
281 282
3 3
582 587
582 608
582 584
582 585
582 591
729 731
532 744
532 758
532 533
849 852
603 667
603 660
603 661
603 604
713 716
713 714
450 452
0 64
0 488
0 625
0 780
0 137
0 783
0 7
0 61
0 2
354 354
508 700
508 547
508 532
508 703
508 813
508 526
37 38
87 88
798 815
476 711
476 705
476 546
476 713
476 480
600 673
600 670
600 604
600 669
687 690
367 368
367 369
710 711
710 713
453 454
453 483
453 639
453 729
453 773
453 767
453 618
325 327
637 638
842 844
842 847
874 875
258 264
258 270
103 104
589 592
722 740
539 543
695 696
445 772
445 609
445 622
445 769
445 446
445 645
515 517
296 298
160 161
95 751
95 96
95 749
836 876
836 837
434 768
434 809
434 615
434 679
434 435
434 496
484 485
63 64
63 140
63 174
63 103
756 787
756 790
756 759
756 760
383 403
383 470
663 665
333 333
773 776
28 30
520 529
520 521
141 254
141 358
141 142
141 359
117 118
117 477
853 855
853 870
876 877
247 249
211 214
211 217
628 630
474 475
512 513
692 693
442 443
442 809
442 633
442 617
442 641
442 677
442 684
442 621
356 357
199 200
92 93
92 94
733 736
373 375
373 601
783 784
754 755
754 757
845 856
398 698
398 534
398 400
77 78
77 265
77 83
77 318
77 215
77 313
77 322
77 316
436 441
436 437
486 488
725 726
677 678
767 768
310 312
294 330
294 295
294 297
294 388
834 835
322 323
579 580
875 877
752 755
752 757
47 47
11 27
11 266
11 12
701 705
701 704
647 657
611 613
228 229
497 498
591 592
832 833
292 293
355 357
355 573
423 424
324 344
324 332
324 351
549 790
549 759
549 788
549 760
549 552
419 420
419 675
726 727
868 869
485 486
435 723
435 622
435 689
435 460
435 729
435 637
435 436
435 487
435 642
435 800
435 771
171 172
846 847
846 851
277 278
514 517
444 455
444 732
444 801
444 735
444 493
444 488
444 681
444 445
444 611
444 726
444 686
444 635
444 806
694 695
472 473
472 823
94 95
94 338
343 345
343 374
343 474
326 327
475 476
475 663
181 186
181 183
200 336
200 201
200 522
131 134
237 238
237 341
287 294
287 326
287 391
823 826
823 823
658 674
658 659
432 433
432 442
432 447
482 504
482 842
819 822
819 819
550 551
58 141
58 59
743 827
743 820
743 853
743 743
96 202
835 836
468 469
295 296
295 349
352 353
352 664
352 475
352 406
516 517
301 306
696 860
696 863
696 821
696 859
696 696
446 450
872 872
844 850
844 874
844 845
844 869
755 756
724 727
263 264
263 270
357 364
357 402
463 465
463 808
463 677
463 724
463 684
463 492
84 85
34 35
634 635
684 685
364 372
364 659
364 564
364 602
116 433
116 438
116 117
45 46
246 250
246 247
877 877
495 617
495 684
495 496
645 646
268 355
268 364
268 269
150 202
282 283
282 329
232 235
487 488
653 654
531 547
531 532
531 713
581 582
437 452
828 829
766 769
676 694
400 403
400 509
748 751
748 749
275 282
53 54
53 137
53 301
76 211
76 77
76 779
863 864
272 273
114 117
244 250
244 247
477 499
477 479
571 572
571 578
636 638
366 367
686 687
235 238
235 341
348 349
285 286
86 87
36 38
42 638
42 43
42 220
42 611
42 724
42 686
42 223
42 496
42 555
219 231
757 784
757 758
74 79
149 334
149 506
149 150
223 227
223 228
492 497
642 646
764 766
764 781
674 694
800 801
428 434
428 429
297 298
837 852
837 845
837 869
191 201
191 337
191 548
191 522
393 394
72 106
72 121
72 74
44 46
179 180
762 766
672 696
644 646
494 497
35 652
35 39
85 87
85 92
85 86
85 90
286 298
286 565
236 238
236 341
365 374
365 702
365 545
365 574
365 476
365 710
365 663
365 477
365 366
365 562
365 402
365 567
685 690
635 636
327 394
327 328
327 348
23 24
23 80
23 554
23 221
599 600
619 621
709 717
242 243
19 425
19 56
19 223
19 21
623 626
274 333
274 697
112 478
112 113
858 861
447 448
411 500
411 412
411 722
411 501
697 699
541 542
517 523
517 520
738 740
378 417
378 380
378 835
378 381
788 789
97 98
97 307
97 309
97 607
120 121
309 319
284 286
284 331
284 349
234 235
560 561
68 105
68 723
68 106
68 119
68 291
68 177
68 637
68 292
68 423
68 419
68 74
68 764
68 72
68 242
68 167
68 207
68 621
68 315
68 69
496 497
646 647
388 389
668 822
668 857
668 668
778 779
245 254
245 246
338 339
115 117
115 477
46 47
46 421
82 182
82 84
82 108
82 124
793 797
32 33
139 144
189 191
503 504
503 842
632 633
458 459
362 580
362 507
362 664
362 478
362 396
362 363
362 505
362 365
362 697
362 406
362 399
362 565
362 538
362 405
682 683
75 169
75 151
75 262
75 99
75 77
75 779
253 256
253 273
276 282
811 812
847 849
675 676
727 738
108 112
108 110
765 766
578 587
578 584
578 585
578 591
70 102
70 624
70 502
70 558
70 137
70 103
70 437
70 74
70 806
406 702
406 480
406 407
670 671
760 833
760 795
760 761
341 342
341 369
341 562
317 319
804 811
173 176
173 192
173 198
399 698
399 534
399 400
156 167
156 157
198 515
198 199
565 566
421 422
527 528
110 111
110 117
110 114
240 243
13 14
629 812
629 647
629 630
703 705
703 704
703 716
703 714
122 125
122 127
593 742
593 673
593 761
593 660
593 606
29 30
613 618
154 455
154 688
154 734
154 809
154 431
154 653
154 644
154 496
154 613
154 680
154 155
154 490
154 802
125 146
125 131
125 126
167 171
806 810
261 688
261 262
261 809
261 492
261 635
404 664
404 405
562 563
562 603
303 679
303 304
303 726
303 494
7 13
821 862
821 823
588 589
30 31
80 83
80 82
538 539
607 630
741 742
360 747
360 515
360 362
360 510
680 683
717 794
717 792
717 721
259 262
630 860
630 631
630 863
630 859
133 134
509 532
509 526
183 184
183 196
183 194
799 801
61 65
805 806
126 147
126 128
126 133
331 344
331 332
331 566
331 573
771 781
661 666
661 671
381 382
469 472
818 819
152 168
152 153
59 222
59 252
59 60
207 385
207 208
659 660
230 231
230 366
280 281
280 555
280 556
101 102
402 403
402 534
402 509
564 568
564 603
564 571
557 561
451 452
451 483
451 774
451 643
451 612
451 730
451 463
451 619
451 632
451 765
451 804
405 408
405 550
270 394
270 271
270 272
155 158
155 275
869 871
124 125
124 127
548 549
40 41
418 740
418 815
418 694
418 503
418 469
566 567
781 782
640 801
640 641
640 677
490 498
371 372
371 602
731 737
229 237
229 236
229 234
229 230
802 803
851 852
143 144
213 214
213 217
543 549
413 426
413 608
413 414
413 658
750 752
429 686
429 494
429 635
429 623
429 430
314 315
807 810
166 172
290 293
21 22
21 556
830 831
830 853
830 846
621 626
218 390
218 231
218 219
218 236
148 149
349 351
349 574
524 530
524 525
555 556
606 860
606 631
606 863
606 859
470 471
391 392
716 719
716 717
6 121
6 7
205 207
251 256
251 273
749 754
749 750
813 814
157 158
157 275
164 165
829 855
829 837
829 870
202 203
202 535
202 707
480 481
791 794
791 792
430 454
430 734
430 639
430 431
430 614
430 773
430 725
430 767
430 487
430 682
430 799
430 805
316 394
316 387
316 317
316 320
501 502
501 814
501 783
501 739
407 408
407 550
552 553
350 351
269 343
269 274
4 423
4 4
604 605
714 832
714 741
714 720
714 715
870 871
526 528
583 584
583 585
583 591
583 588
109 112
109 110
533 536
651 654
2 48
2 3
51 54
51 137
51 101
712 716
712 714
602 603
459 462
840 843
840 841
720 721
315 318
315 322
315 316
138 139
188 189
389 395
669 672
779 781
339 551
339 718
339 354
339 708
69 74
204 207
162 163
567 595
567 597
567 568
567 571
567 674
567 583
461 768
461 462
461 808
461 686
461 635
525 540
525 526
554 561
308 309
522 530
522 525
739 740
379 380
379 653
379 651
789 792
193 197
440 441
440 687
18 22
690 692
510 511
510 548
859 861
598 601
598 599
221 222
221 252
618 627
90 92
127 130
127 147
127 128
127 133
708 833
708 816
708 709
708 791
708 840
165 173
573 574
556 557
312 313
206 455
206 809
206 633
206 691
206 207
5 7
861 865
861 874
715 717
320 323
605 606
178 180
