203
344
567
359
252
15
184
266
122
491
72
0
108
239
479
332
81
517
216
65
338
164
286
550
587
78
396
102
170
223
153
11
573
85
447
114
495
61
258
20
128
3
117
444
508
459
52
215
66
391
167
39
272
200
432
522
584
379
281
16
265
438
86
528
496
278
23
514
211
553
285
347
173
395
150
58
261
220
564
187
502
570
337
77
588
26
493
83
512
448
575
155
225
257
201
504
176
390
127
562
280
556
210
63
49
442
568
54
6
221
582
599
260
524
13
107
434
151
274
571
518
205
576
437
104
527
156
226
162
277
393
175
555
283
348
112
25
1
57
490
188
80
263
10
118
249
342
182
199
124
551
507
254
171
206
21
334
168
60
213
74
5
427
298
537
476
388
236
148
612
40
219
312
455
193
375
35
590
304
269
243
604
356
362
451
368
407
134
324
399
382
31
371
292
289
318
142
618
190
376
327
98
488
36
240
19
593
355
412
475
548
235
69
404
137
43
456
462
542
307
468
351
607
534
482
499
424
231
471
92
89
418
544
241
559
191
367
408
179
94
29
484
422
532
317
617
350
428
297
538
245
387
596
147
33
414
373
195
453
46
464
9
230
402
470
41
308
467
132
608
229
294
159
591
622
384
579
322
417
144
450
328
97
487
45
314
233
473
614
547
353
595
246
30
364
138
209
602
302
370
196
51
268
7
113
510
149
163
218
505
521
154
431
282
560
299
224
392
574
106
389
271
319
440
619
212
55
398
27
76
336
288
557
343
501
369
204
262
580
126
177
256
275
183
435
525
160
251
68
207
121
554
506
174
563
549
105
18
110
331
24
513
82
99
489
492
71
419
340
125
583
12
255
276
227
498
101
157
526
180
577
88
436
443
4
469
62
56
75
335
433
14
523
185
273
397
28
586
120
250
161
287
345
558
409
64
330
70
2
178
111
53
446
267
8
172
100
552
181
566
341
503
165
217
516
429
494
539
22
84
115
214
333
511
73
497
228
158
50
87
578
445
561
430
186
520
264
309
270
202
609
253
585
123
346
208
67
139
515
441
116
17
103
565
572
500
329
394
284
222
166
152
581
411
323
146
597
386
238
109
545
478
296
420
530
461
358
133
485
47
95
259
194
129
366
352
415
244
541
303
603
616
465
316
400
472
339
91
481
79
232
311
423
533
611
486
38
130
96
378
197
320
509
458
361
620
145
247
385
295
546
59
615
466
315
452
44
403
141
365
416
439
529
594
300
372
291
600
381
32
279
454
131
406
449
310
463
610
42
605
305
360
413
34
321
374
621
592
589
519
93
483
135
598
237
536
477
426
290
569
543
301
357
380
601
140
48
325
606
354
189
306
192
349
363
410
242
405
234
460
313
531
421
613
474
540
293
383
143
169
37
326
377
198
90
401
457
136
480
119
248
425
535
