203 209
203 204
203 214
344 346
567 570
567 569
359 360
252 253
15 17
184 347
184 185
266 269
266 275
122 123
122 129
491 492
72 73
0 1
108 110
239 240
239 251
479 480
332 333
81 83
517 567
517 522
517 556
216 239
216 217
65 81
65 67
338 508
338 339
338 401
164 213
164 209
164 287
164 165
164 296
286 291
550 552
587 588
78 79
396 396
102 103
102 349
170 175
170 172
223 388
223 612
223 224
223 619
223 247
153 195
153 158
11 13
11 33
11 24
11 42
573 574
85 87
85 315
447 448
114 115
114 145
114 135
495 498
61 62
61 111
61 109
258 261
20 21
20 46
20 38
128 178
128 136
3 7
3 32
117 122
117 118
117 124
444 446
508 509
459 504
459 460
52 102
52 54
52 334
215 216
66 67
391 392
391 589
167 168
167 586
39 40
272 275
272 273
200 203
200 201
432 434
432 532
522 530
584 585
379 381
281 283
281 361
16 20
16 418
16 17
16 166
16 34
265 266
438 451
86 278
86 87
528 529
496 497
278 359
278 281
278 282
23 26
514 516
514 520
211 212
553 553
285 291
347 348
347 420
347 363
347 383
173 344
173 183
395 396
395 603
395 589
150 184
150 173
150 537
150 583
150 585
58 92
58 95
261 262
261 267
220 222
564 564
187 188
187 190
187 370
502 505
502 513
570 571
337 338
337 394
77 164
77 78
77 153
77 260
77 376
77 256
77 157
588 588
26 41
26 99
493 512
493 500
83 94
83 84
83 93
83 90
512 514
448 449
448 457
575 577
155 156
155 161
225 227
225 237
257 258
201 202
504 505
504 513
176 178
390 391
390 532
390 503
390 463
127 128
127 177
562 564
280 281
556 557
210 212
210 611
210 247
63 82
63 125
63 120
63 64
49 50
442 443
442 558
568 570
568 569
54 56
6 7
6 32
221 222
582 583
599 609
599 605
260 261
524 525
13 14
107 108
107 259
434 467
434 473
434 436
151 153
274 280
274 576
274 276
274 357
571 571
518 521
205 211
205 225
205 210
205 245
205 230
205 228
576 577
437 438
437 453
104 408
104 186
104 485
527 529
156 195
156 158
226 227
162 164
277 281
393 395
393 499
393 498
175 182
555 556
283 342
283 404
283 424
283 317
283 464
283 419
283 429
283 321
283 460
283 401
283 535
348 393
348 368
348 353
112 116
112 140
25 26
1 3
57 58
57 325
490 491
188 371
188 189
80 83
263 265
263 267
10 11
10 163
10 154
10 76
10 160
10 75
118 123
118 129
249 250
342 473
342 353
342 413
182 344
182 347
182 183
182 185
199 203
199 201
124 126
551 552
507 517
507 542
254 393
254 368
254 404
254 424
254 408
254 317
254 419
254 429
254 485
254 460
254 401
171 175
171 172
206 208
21 23
21 255
21 48
334 335
168 169
60 65
60 66
60 82
60 64
213 215
213 290
74 80
74 75
5 6
5 13
5 33
5 24
5 42
427 428
298 308
298 301
537 538
537 552
476 477
388 389
236 240
148 150
612 616
40 41
40 99
40 50
219 220
312 314
455 472
455 458
193 338
193 364
193 194
193 352
375 376
35 36
35 44
590 591
304 305
269 274
269 356
243 390
243 254
243 494
604 609
604 605
356 357
362 501
362 469
362 365
451 453
368 502
368 504
368 375
407 408
134 285
134 136
324 325
399 400
382 391
382 410
31 32
371 487
371 501
371 497
371 372
371 377
292 294
289 304
289 291
318 318
142 144
142 302
618 619
190 191
376 376
327 568
327 329
98 100
488 491
36 39
240 241
240 319
19 21
593 594
355 355
412 527
412 476
412 468
412 415
412 466
412 413
475 478
548 549
235 390
235 254
235 494
69 72
69 200
69 206
69 70
69 430
69 197
404 483
404 405
137 176
137 147
137 138
137 149
43 50
456 457
462 462
542 551
542 544
307 448
307 399
307 412
307 471
307 314
307 406
468 528
468 524
468 470
351 373
351 352
607 610
534 535
482 484
499 512
499 602
499 500
499 589
424 490
424 489
424 426
231 240
231 387
231 232
231 620
471 534
471 472
471 533
92 97
89 328
89 91
418 418
544 545
241 342
241 243
241 362
241 435
241 416
241 321
559 559
191 193
367 367
408 482
408 409
408 509
179 181
94 327
94 95
29 41
29 99
484 584
484 618
484 492
484 613
422 424
422 487
422 429
422 423
532 535
317 318
317 483
617 618
617 621
350 351
350 592
428 428
297 298
538 545
245 596
245 246
387 388
596 598
147 148
33 40
414 414
373 499
373 429
373 374
195 215
195 285
195 205
453 591
453 603
453 454
46 597
46 47
464 465
9 11
230 231
230 238
230 234
402 403
470 474
41 52
41 98
41 331
308 310
467 468
132 134
608 609
229 231
229 234
294 309
294 311
294 301
294 306
159 170
159 171
159 179
591 595
591 613
622 622
384 385
579 581
322 528
322 407
322 323
322 400
417 499
417 418
144 146
450 451
450 601
328 568
328 329
97 382
97 350
97 103
487 491
487 511
45 46
314 497
314 316
314 421
233 235
233 241
473 476
473 474
614 615
547 553
547 622
547 579
353 355
353 482
595 599
246 611
246 247
30 31
30 33
364 365
364 406
364 413
138 150
209 211
209 225
209 210
209 245
209 230
209 228
602 603
302 303
370 371
196 197
51 52
51 331
268 269
268 275
7 14
113 115
113 145
113 135
510 511
510 600
149 150
149 182
163 164
218 224
505 506
521 567
521 522
521 556
154 156
154 161
431 432
282 283
560 562
560 563
299 300
224 232
392 392
574 575
574 578
106 138
389 495
389 390
271 272
319 320
440 441
619 622
212 249
212 218
55 56
398 399
398 412
398 471
398 406
27 28
76 79
336 337
336 527
336 501
336 416
336 592
288 289
557 559
343 348
343 476
343 534
343 381
343 363
501 502
369 604
369 370
204 286
204 215
204 205
204 297
204 300
204 305
262 266
580 581
126 127
126 287
126 139
126 296
177 178
256 258
256 263
275 280
275 576
275 276
275 357
183 322
183 186
183 410
435 436
525 529
160 161
251 252
68 72
68 70
207 208
121 123
554 556
506 507
506 519
174 347
174 183
174 185
174 345
563 564
549 550
105 322
105 343
105 186
105 420
105 415
105 410
18 35
18 19
18 37
110 112
331 333
331 561
24 25
24 43
513 514
82 83
99 100
489 491
492 507
492 519
71 73
419 523
419 423
419 601
340 341
125 126
583 588
583 585
12 203
12 13
12 31
12 33
12 24
12 42
255 266
276 277
276 282
227 229
498 512
498 500
101 382
101 336
101 103
101 349
157 195
157 158
526 529
180 181
577 579
88 89
436 438
436 453
443 447
443 444
4 5
4 219
4 9
469 470
62 65
62 82
62 64
56 103
56 349
75 80
335 382
335 336
433 434
14 26
523 524
523 593
185 322
185 186
185 410
273 274
397 398
28 29
28 51
586 587
586 588
120 123
120 129
250 252
161 213
161 209
161 287
161 165
161 296
287 289
287 295
345 346
558 559
409 409
64 73
330 431
330 336
330 466
70 83
70 71
2 3
2 584
2 188
2 5
2 219
2 604
2 9
2 595
2 271
2 369
2 526
2 546
2 606
2 293
178 182
111 112
53 344
53 252
53 102
53 278
53 280
53 54
53 334
53 324
53 307
53 92
53 241
53 319
53 183
53 549
53 276
53 397
53 100
53 539
53 333
53 329
53 95
446 448
267 268
8 14
172 184
172 173
172 537
100 101
552 553
181 182
566 567
341 341
503 504
165 166
217 249
217 218
516 517
516 542
429 488
429 510
429 430
494 495
539 560
539 558
539 540
22 23
22 155
22 162
22 47
22 38
84 89
115 116
115 140
214 215
333 335
511 516
511 520
73 94
73 84
73 93
73 90
497 498
497 503
228 229
228 244
158 159
158 303
50 51
87 94
87 88
87 93
87 90
578 579
445 446
561 562
561 563
430 430
186 194
520 521
520 549
520 539
520 572
264 265
264 267
309 310
270 272
202 204
609 610
253 254
585 587
123 127
123 134
123 287
123 139
123 296
123 303
123 143
346 348
346 420
346 363
346 383
208 209
208 214
67 73
139 290
139 140
515 516
515 520
441 443
441 558
116 128
116 177
17 21
103 104
103 363
565 566
572 575
572 578
572 621
500 506
329 330
394 459
394 395
394 424
394 498
394 423
284 307
222 223
222 249
222 240
222 231
222 251
222 234
166 170
166 171
166 179
152 153
152 157
581 581
411 503
411 413
411 601
323 508
323 339
146 148
597 598
386 391
386 532
238 239
238 388
109 110
545 553
478 481
296 297
296 300
420 479
420 475
420 422
420 452
530 531
461 462
461 594
461 600
358 578
358 360
133 134
485 486
47 49
95 96
259 261
259 263
194 317
129 142
129 133
129 130
129 141
366 367
352 508
352 404
352 353
415 417
244 596
244 246
541 551
541 544
303 305
603 604
603 618
616 622
465 527
465 466
316 508
316 393
316 368
316 317
316 353
316 339
316 378
316 365
400 404
400 501
400 401
472 474
339 482
339 341
91 324
91 92
481 530
79 80
232 235
311 442
311 312
311 439
423 427
423 510
533 534
611 612
611 619
486 487
38 39
38 268
130 132
96 97
378 379
378 593
378 380
197 203
197 201
320 342
320 362
320 435
320 416
320 321
509 511
458 461
361 496
361 393
361 362
361 368
361 408
361 436
361 485
361 416
361 381
620 621
145 216
145 211
145 210
145 230
145 246
145 146
247 250
247 620
385 476
385 386
295 297
295 300
546 564
546 571
546 559
546 547
59 60
615 617
615 616
466 470
315 399
315 412
315 497
315 316
315 472
315 533
315 406
315 449
315 421
315 457
452 527
452 453
452 523
452 461
44 597
44 47
403 403
141 144
141 302
365 482
365 367
365 509
416 417
416 486
439 441
529 530
594 595
594 613
300 308
300 301
372 373
372 417
372 394
291 308
291 311
291 301
291 306
600 603
381 391
32 40
279 280
454 454
131 132
406 407
449 455
449 450
310 442
310 312
310 439
463 465
610 610
42 43
605 607
305 311
305 306
360 361
413 414
413 483
34 36
34 44
321 528
321 323
374 502
374 375
621 622
592 593
589 590
589 594
519 521
519 549
519 539
519 572
93 327
93 95
483 484
483 511
135 229
135 237
135 136
598 599
598 609
598 605
237 238
536 536
477 479
477 478
426 427
426 510
290 304
290 291
569 571
543 551
543 544
301 307
301 557
301 397
357 358
380 381
601 602
140 146
48 49
48 268
325 330
606 607
606 608
354 355
189 193
189 464
189 467
189 473
306 307
306 557
306 397
192 193
192 586
349 432
349 351
349 466
349 592
363 365
410 495
410 411
242 243
405 405
234 235
234 241
234 319
460 461
313 447
313 444
313 555
313 314
313 554
531 536
421 422
613 616
474 479
474 475
540 545
293 294
383 415
383 385
143 144
169 170
169 171
37 46
37 38
326 327
377 451
377 378
377 601
198 199
198 207
90 328
90 91
401 484
401 509
401 403
457 472
457 458
136 138
136 149
480 481
119 120
248 249
248 251
425 490
425 489
425 426
535 536
