725025
725585
725061
725384
725621
725618
725385
725861
725859
725746
725700
725661
725472
725017
725471
725698
725037
725849
725066
725702
725327
725155
725598
725644
725512
725330
725154
725586
725404
725441
725631
725082
725810
725691
725813
725085
725343
725402
725338
725808
725615
725504
725224
725222
725080
725265
725424
725609
725345
726618
726404
726578
726064
725877
726059
726400
726599
726233
725896
726656
726189
725893
726388
726576
726437
726270
726225
726235
726431
726432
726403
725897
725879
726234
726468
726641
726529
726642
726169
726639
726501
726152
726502
726073
726092
726171
725886
726620
725927
725884
726049
726398
726266
726311
726458
726271
726257
726075
726194
726534
726093
725937
726646
727028
726799
726659
726680
726661
726924
726994
727228
726785
726993
726916
726891
727167
726806
726889
726706
727384
726935
727030
726928
727397
727345
726931
726679
727337
727120
727225
727017
727388
727316
727395
726831
727323
727043
727137
726879
726813
727227
727042
727056
726899
727315
726833
726771
726948
726949
726952
727324
726917
727418
727663
727665
728079
727881
727607
728001
728078
728097
727606
728092
727555
728093
728021
727556
727883
727736
728091
728022
727823
727901
727858
728149
727720
727818
727771
728061
727536
727775
727773
727880
728064
728188
728242
728089
728167
728211
728135
728243
727920
727543
728161
727696
728284
728134
728222
728128
727484
727697
727563
728162
727716
727710
727860
728087
727894
728229
727731
727751
728150
727774
728122
727537
728063
727998
727521
727756
728578
728957
728790
728784
728536
729046
728412
728907
728931
728635
728620
728584
728682
728778
728950
728946
728460
728309
728575
728461
728948
728794
728933
728693
728432
729066
728535
728466
728414
728908
728314
728580
729082
728482
728732
728809
728628
728764
728807
728323
728935
728922
728695
728319
728416
728772
728923
728435
728296
728481
728465
728774
728484
728556
728424
728553
728762
728672
729043
728574
728560
729137
729836
729667
729702
729531
729506
729467
729739
729630
729718
729485
729360
729626
729902
729187
729891
729631
729822
729282
729514
729628
729904
729361
729219
729138
729279
729141
729835
729516
729579
729402
729185
729108
729580
729489
729285
729767
729317
729232
729465
729848
729394
729678
729214
729416
729134
729262
729339
729680
729555
729756
729340
729149
729324
729853
729384
729859
729746
729260
729107
729763
729712
729483
729747
729209
729386
730561
730546
730038
730195
730583
729971
730336
729946
730521
730677
729964
730151
730192
729977
730059
729925
730493
730541
730112
729973
730435
730065
730116
730200
730608
730072
730547
730159
730602
730261
730712
729994
730461
730163
730568
730369
730631
729928
730122
730285
729956
730118
730549
730141
730606
730068
730123
730037
729996
730143
729988
730048
730182
730588
730339
729989
730092
730632
730340
731377
730868
730942
731352
731468
731327
731065
731199
731449
731008
731007
730866
731213
731391
731447
730794
731305
731215
731302
730938
730785
731329
730843
731338
730979
731031
731154
731356
731444
731073
731081
730737
730819
731270
731116
731422
731462
731418
731411
731180
730818
730934
731458
730899
730842
731364
730902
731336
730980
730863
731251
731386
731248
731549
731500
731765
732067
732249
732006
731869
732158
731646
732239
731496
732150
731493
731875
731979
731810
731539
732151
731778
731645
731731
731873
731830
732248
732154
731826
732052
732068
731766
731538
732027
731501
732023
731919
731992
732061
732039
731818
731748
731935
731663
731916
731604
732185
732050
731666
731507
732000
731581
731623
731586
731838
731749
731894
732284
732286
731508
731845
731937
731746
732041
732277
731674
731747
732190
732276
731673
731732
732230
731812
732360
732849
732460
732967
732529
732436
732382
732664
732381
732864
732439
732923
732532
732706
732922
732943
733016
733059
732508
732506
732799
732355
732451
732568
732566
732908
732927
732945
732519
732817
732987
733001
732405
732402
732933
732875
732841
732879
732952
732704
732444
732662
732985
733053
732818
732865
732910
732615
732837
732616
733097
733599
733166
733830
733593
733340
733119
733156
733382
733384
733587
733485
733710
733714
733200
733839
733139
733917
733302
733391
733165
733751
733136
733810
733541
733480
733833
733164
733815
733565
733286
733820
733202
733204
733552
733891
733677
733107
733289
733362
733576
733723
733358
733195
733479
733193
733553
733571
733664
733740
733359
733679
733665
733187
733537
733784
733577
733535
733185
733566
733899
733843
733617
734334
734523
734310
734225
734518
733994
734742
733966
734138
734222
734213
734106
733997
733982
734542
734271
734560
734275
734543
734229
734438
734333
733962
734277
734107
734762
734370
734689
734393
734284
734558
734733
734729
734611
733979
734295
734536
734368
734160
734492
734207
734738
733937
734613
734382
734722
734296
734674
734537
734671
733931
734734
734675
734127
734656
733935
734750
734847
735092
735404
735541
735544
734925
735200
735320
734935
735059
735488
735253
735531
735166
735164
734831
735533
734934
735176
735321
735389
734782
734908
734911
735094
735387
734927
735524
735384
735540
735078
735382
735501
735395
735376
735519
734820
735223
735131
735008
734773
734874
735461
735048
735128
735576
734875
734896
735028
735127
735421
735496
735494
735047
735203
735311
735460
735518
734881
735393
734781
735035
735283
735375
735062
735378
735950
736364
735959
735768
735670
735592
735941
735818
735897
736021
735671
736141
735894
736189
735845
735643
735794
735896
735797
735591
735958
736287
736041
735850
736366
736019
736380
736048
736062
736288
735843
735910
735987
735745
736132
735693
736348
736362
735695
735783
735965
735803
735964
736074
735656
735853
736193
735906
736352
735755
736127
736087
736085
735986
735891
736143
736776
737035
737198
736419
736541
736866
736544
736825
737219
737019
736926
737033
736666
736624
736629
736996
736667
736520
736969
737139
736691
737057
737021
736823
736972
737146
736867
737058
737123
737182
736565
736937
736992
737104
737223
736944
737082
736617
736646
737004
736946
736696
736851
736899
736883
736645
737178
737025
736801
736949
736939
737077
737184
737109
736635
737128
736525
737228
736406
736798
736990
736921
737078
737277
737940
737319
737933
737472
737936
737450
737773
737749
737747
737923
737448
737768
737428
737966
737344
737342
737334
737611
737701
737625
737888
737387
737657
737466
737370
737295
737849
737583
737851
737305
737534
737442
737535
737276
737621
737392
737337
737404
737559
737781
737741
737582
737393
737620
737782
737560
737856
737465
737662
737427
737968
737269
737893
737369
738283
738630
738201
738009
738422
738078
738030
738690
738691
738296
738194
738434
738313
738497
737992
738732
738199
738421
738196
738544
738455
738498
738322
738301
737986
738258
738767
738029
737989
738620
738312
738639
738543
738696
738265
738287
738282
738618
738304
738286
738150
738151
737998
737997
738510
738697
738801
738904
738804
739468
738979
738905
738926
739576
738976
739043
738876
739608
739426
739607
739254
739112
738887
738975
739044
739256
738871
739139
739425
739358
739213
739149
738925
739355
739582
738950
739594
739373
739027
738891
739494
739003
738982
739104
739187
739000
739240
739547
738953
739635
739188
739002
738817
739412
739001
739023
739636
739282
739007
738914
739372
738870
739128
739909
739906
740013
740069
740100
740154
740418
740201
740148
740216
740014
739894
739971
739904
740209
740098
740156
740070
740082
740289
740349
740288
740348
739946
739844
739701
740398
740276
740222
739940
739920
740298
740097
740303
740182
739693
739918
740207
739981
739696
740396
739930
739944
740185
741050
741292
740496
740688
740524
740969
741195
741138
741091
740803
741217
741118
740869
740804
741123
740785
740967
741294
740958
740472
741116
740523
740623
740519
740989
740547
741155
741153
740919
740922
740603
741244
740716
740653
740569
740553
741221
740556
740795
741105
740691
740654
741025
740549
740589
741086
740588
741104
741241
741188
741142
740660
741028
740560
740601
740607
740717
740582
741204
742000
741986
741720
741450
741877
741307
741674
741652
742103
741737
742098
741639
742102
741762
741879
741998
741753
741636
741631
741515
741349
741493
741835
742109
741905
741490
741448
741461
741348
741502
741886
741847
741748
741501
741746
742001
741742
741508
742078
741741
742017
741722
741978
741507
741454
741845
741932
742070
742642
742814
742129
742278
742781
742343
742787
742540
742766
742228
742641
742502
742893
742408
742232
742438
742436
742400
742617
742131
742439
742541
742655
742658
742399
742503
742245
742280
742767
742599
742227
742709
742668
742490
742117
742351
742577
742236
742120
742936
742591
742330
742650
742589
742373
742585
742760
742678
742680
742581
742568
742582
742371
742646
742155
742809
742652
742919
742158
742451
742489
742937
742240
742805
742119
742762
743106
743114
743537
743345
743487
743117
743589
743606
743674
743435
743593
743653
743605
743774
743697
743437
742972
743333
743234
743225
743672
742957
743628
743109
743283
743178
743709
743573
743282
743508
743219
743181
743220
743279
743747
743496
743488
743495
743311
743514
743084
743310
743708
742958
743627
743640
743121
743721
743639
743732
743516
743504
743539
743085
744036
744007
744327
743957
744011
743857
744051
744480
744426
744501
743958
743858
744052
744046
744029
744503
743885
744340
744474
744013
744231
744403
743968
744525
744154
743872
743884
744312
744268
744361
744047
744075
744441
744317
744101
744184
743978
744021
744556
743888
744429
744275
744086
744512
744507
744448
743912
744415
744183
743911
744278
744082
744205
743948
744318
744409
743933
744282
744100
744079
745335
745159
744683
744636
745307
744682
744589
745065
745095
744622
744639
744708
745097
745020
744795
745076
744915
745234
745327
744709
745154
744995
744703
744601
745348
745314
745198
744653
744944
745030
745311
744596
745138
744834
744758
744598
744651
745083
745085
744936
745133
745135
744699
744660
745161
745010
744678
745026
745197
744619
744927
744672
744591
744943
744788
744981
745021
744983
744657
745316
744825
746128
745526
745691
746079
745873
745514
745658
746026
745540
745889
746043
745515
745974
745888
746137
746139
745533
746041
745690
746117
746030
745538
745872
746098
745767
746080
745652
745756
746141
746044
745764
745486
745881
745510
745635
745389
745681
745988
745679
745726
745492
746005
745511
746062
746006
745493
745698
745699
745458
745917
745461
746150
745637
746255
746613
746195
746193
746171
746252
746834
746412
746258
746943
746685
746299
746833
746300
746414
746383
746791
746428
746684
746939
746614
746703
746894
746257
746972
746891
746973
746581
746167
746378
746822
746576
746317
746825
746696
746734
746810
746376
746190
746306
746869
746475
746924
746305
746787
746868
746268
746866
746380
746806
746649
746315
746284
746261
746700
746802
746865
746479
747197
747113
747573
747692
747729
746986
747561
746985
747089
747418
747151
747380
747646
747458
747566
747303
747690
747518
747195
747383
747233
747536
747448
747083
747154
747723
747161
747291
747243
747158
747622
747512
747621
747229
747287
747165
747447
747505
747429
747616
747618
747576
747163
747121
747949
748092
748120
747904
748128
747883
748168
747943
748295
748324
747797
747976
748124
748096
747881
747941
748485
748397
748136
748272
748537
748293
748115
748056
748127
748206
748099
748494
748182
748148
747916
748523
747870
748104
748152
748348
748053
748160
748181
748349
747868
748051
747914
748145
747907
748515
748396
748137
748153
748509
748339
747874
748165
748474
747980
748204
748755
748773
749326
748938
749242
749324
749305
749227
749034
749365
748586
748839
749226
748742
749205
749207
749170
748994
748585
748841
749185
748934
748756
748873
748707
749058
748772
748620
749073
748797
748838
749172
748559
748741
749260
748594
748650
749335
749272
748593
748806
748825
748803
748808
748983
748737
748558
748692
748651
749234
748783
748989
749063
748782
748787
749067
749758
750031
749754
749432
750013
750124
749961
749582
750085
749855
749763
750011
750027
749433
750208
749676
749411
750008
750004
749673
749987
749523
749470
749707
749570
750058
749848
749980
749562
749938
750014
749692
749950
750217
749414
749787
749516
749472
749515
750176
749839
749746
749788
749636
749951
749521
749569
750169
749964
749841
749690
750057
749704
749585
750166
749631
750772
750458
750942
750239
750676
750245
750775
750910
750794
750414
750481
750785
750348
751010
750670
751011
750435
750451
750784
750368
750840
750946
750733
750247
750485
750657
750792
750770
750943
750301
750653
750678
750365
750490
750536
750446
750701
750703
750507
750249
750764
750646
750501
750520
750789
750465
750444
750721
750712
750909
750295
750463
750666
750540
750722
750710
750464
750516
750546
750352
750355
750836
750768
751262
751724
751043
751376
751049
751218
751212
751625
751582
751539
751647
751132
751150
751498
751581
751207
751703
751650
751375
751208
751729
751303
751415
751417
751307
751792
751406
751686
751142
751420
751263
751794
751042
751061
751141
751790
751405
751616
751230
751314
751677
751532
751737
751317
751734
752063
752035
752443
752519
751982
752210
752029
752494
752130
752126
752269
752046
752441
752075
751988
752306
752308
752107
752132
752369
752492
751878
752228
752212
752114
751995
752125
752104
752137
752205
752116
752036
752534
752095
752117
751972
752001
751869
751929
752025
752044
752201
752507
752968
753090
753103
753051
752965
753315
752717
753209
753126
752888
753069
752845
752825
753193
752889
752883
753127
752868
753208
752711
752719
753089
752841
753049
752661
752710
752867
753194
752653
753013
752871
752655
752803
752772
752658
753243
753288
752881
753248
753000
752918
753244
752782
752753
752793
753074
753250
752998
752572
752802
753058
752723
752568
753268
752762
753171
753095
753097
753668
753681
753761
753629
753881
753665
753524
754193
753527
754158
753951
753395
754189
753664
754173
753563
753702
753389
753957
754188
753905
753627
753607
754197
753902
753978
753765
754133
753741
754135
754185
753994
754044
753968
753341
753782
753422
753887
753834
753687
753578
753532
753899
753852
753945
753555
753657
753740
753967
753792
753836
753793
753639
754043
753577
753948
753888
753346
754226
754944
754344
754527
755005
754688
754863
754960
754768
754339
754341
754957
754223
754918
754632
754919
754958
754517
754631
754943
754222
754629
755006
754900
754656
754634
754427
754539
754816
754712
754896
754882
754867
754745
754526
754659
754929
754869
754804
754327
754229
754766
754641
754808
754426
754746
754994
754814
754895
754292
754270
754758
754288
754970
754759
755081
755699
755510
755078
755458
755044
755538
755662
755449
755099
755601
755557
755684
755493
755217
755495
755318
755602
755450
755413
755216
755416
755541
755322
755274
755509
755273
755464
755104
755565
755106
755282
755154
755753
755732
755113
755092
755749
755055
755730
755284
755152
755440
755091
755275
755321
755286
755612
755484
755952
756150
756292
756430
756211
756290
756507
756329
755805
755930
756225
756454
756116
755999
755806
756111
755885
755863
755842
755903
756333
756179
756406
756213
756310
756325
755769
755932
756513
756065
756358
755916
756209
755935
756305
755816
756495
755790
755950
756068
755823
755923
756089
755894
755791
756354
756416
755838
756428
755774
755771
756147
755924
755775
755818
756353
756288
756493
756522
755933
755811
756001
756249
756058
756422
755961
756499
756918
756701
757093
756973
757137
756942
757185
756560
756713
757199
756936
756613
756559
756941
757200
757221
756968
757263
756928
756873
757091
757299
756716
757227
756615
756748
757133
756831
756999
757021
757138
756643
757337
756919
756962
757274
757349
756631
757006
756963
756646
756865
756747
757333
757014
757148
757273
756569
756672
756632
757099
756964
757175
756862
756676
757020
756697
757172
758014
757372
757756
757858
758036
757780
757851
757377
758021
757820
757767
758024
757686
757566
757787
757845
757907
757450
757782
757755
757506
757485
757791
757635
758063
757453
758044
758087
757938
757508
757452
757892
758046
757449
757467
757916
757771
758086
758007
758101
758248
758967
758801
758945
758806
758291
758810
758559
758288
758335
758204
758203
758561
758283
758714
758846
758577
758246
758168
758488
758399
758821
758855
758133
758937
758318
758902
758137
758329
758927
758365
758830
758327
758396
758292
758815
758892
758280
758368
758605
758924
758926
758818
758813
758816
758363
758831
758606
758757
758220
758696
758316
758856
758214
758499
758138
758872
758500
758917
758671
759193
759451
759020
759246
759695
759547
759408
759017
759096
759285
759339
759599
759251
759170
759252
759061
759486
759428
759231
759537
759239
759003
759238
759429
759594
759021
759487
759081
759413
759232
759530
759191
759247
759694
759676
759407
759097
759016
759110
759501
759086
759739
759024
759139
759642
759641
759735
759466
759742
759025
759271
759726
759174
759093
759727
759255
759481
759087
759004
759414
759708
759090
760521
759789
759871
759977
760293
760468
760155
760059
760281
760156
760079
759810
759916
760391
759913
760425
760466
759902
759866
759788
759863
760181
759806
760525
759906
760375
760541
760111
760330
760546
760286
760305
760308
760361
760128
759776
759873
760439
759773
760106
760328
759971
760218
759968
759901
760437
760131
760540
759840
760223
759982
761219
760597
760799
760625
761053
761191
760734
761222
761223
760731
761312
760803
761170
761007
760902
761190
761217
760798
760729
761188
760692
760690
761066
760785
760588
761065
760786
760742
761254
760698
760910
761123
761346
761120
760977
761256
760587
761199
761200
761089
761352
760662
761260
760968
761344
760972
761008
761706
761570
761789
761928
761925
761690
761688
761869
761666
761912
761853
761684
761614
762113
761685
761664
761910
761616
761783
761871
761378
761905
762033
761784
761377
762134
762143
762027
761838
761882
762169
761775
762022
761742
761951
761739
762019
761854
762016
761504
761407
761405
761967
761896
761899
761555
761880
762005
761503
762132
762117
762068
761773
762167
762360
762386
762300
762626
762919
762354
762636
762628
762865
762972
762292
762255
762253
762634
762858
762630
762211
762539
762522
762956
762198
762795
762535
762402
762792
762856
762521
762964
762308
762768
762340
762515
762805
762909
762599
762806
762924
762541
762324
762659
762205
762518
762902
762808
762700
762824
762961
762230
762766
762466
762847
762460
762235
762907
762236
762829
762618
762210
762469
762339
762925
763182
763247
763131
763731
762994
763358
763695
762995
763610
763777
763361
763042
763056
763742
763628
763739
763357
763788
763378
763364
763138
763054
763524
763109
763380
763217
763096
763521
763360
763199
763180
763662
763535
763449
763236
763580
763126
763104
763452
763702
763454
763248
763605
763532
763604
763101
763099
763434
763682
763351
763349
763778
763797
763546
763606
763216
763435
762978
763234
763540
763367
763509
763171
763037
763581
763543
763137
763847
764377
764028
763841
764165
764604
764478
763982
763804
764152
764544
764233
764487
764596
763842
763818
764053
764518
763800
763821
764154
763981
764050
764354
764602
764161
764402
764328
764375
764055
764468
764403
764484
764332
764462
764574
764042
764516
764383
764144
763971
764477
764455
764386
764608
764284
763848
764555
764510
763948
763808
764145
763829
764417
764461
763951
763970
763972
764536
764775
764926
764731
765279
764915
764735
765108
765227
764734
764916
764962
764857
765380
764695
765352
764925
765177
764730
765116
765266
765226
764993
765297
765172
764704
764697
764745
764705
764852
765181
765150
765316
765091
765324
764777
765084
765359
764743
764868
765937
765567
765715
766130
765936
766088
765898
766123
766122
766080
765706
765469
766066
765992
765621
766146
765772
766068
765719
765705
766202
765442
765716
765694
765900
765914
765690
766139
765461
765881
766034
765773
766140
766200
765767
765846
766133
766039
765454
766156
766132
766154
765827
765414
765823
765879
766035
766110
766082
766098
765626
766520
766309
766579
766635
766666
766521
766296
766291
766782
766312
766829
766781
766211
766620
766210
766298
766418
766811
766668
766348
766574
766205
766347
766503
766213
767018
766282
766451
766368
766497
766217
766264
766498
766450
766731
766361
766961
766815
766423
766747
766704
766424
766505
766978
766959
766702
766732
767019
766362
766366
766625
766237
766592
766381
767257
767686
767258
767619
767207
767196
767515
767422
767535
767350
767199
767531
767204
767329
767613
767628
767375
767271
767691
767272
767524
767687
767474
767453
767045
767195
767044
767358
767626
767568
767330
767050
767248
767774
767032
767690
767349
767303
767605
767722
767509
767825
767565
767225
767826
767264
767223
767286
767112
767773
767212
767283
767302
767055
767036
767606
767630
768304
767985
768591
768098
768397
767867
768541
768494
768200
768184
768279
768544
768451
768317
768654
768316
767941
768108
768206
768359
768408
768531
768543
768255
768536
767850
768398
768201
767868
768383
767865
768518
768660
768238
768053
768610
768602
768286
768484
768337
768495
768597
768305
768612
768065
768385
768086
768368
768387
768243
768088
768165
768067
768405
768239
768205
768267
768520
768623
768972
768973
768671
769131
769387
768787
768768
768861
769358
768843
768788
768845
768703
769351
768962
769031
768810
769193
768770
768856
768941
768927
769196
768809
769192
768924
769319
769153
769323
768762
768801
768984
768945
768862
768885
769374
768953
768673
769132
769362
769426
769250
769049
768852
768728
768752
768740
769318
769086
769393
769440
768781
769048
769352
768961
768966
768718
768883
769142
769325
768731
769687
769822
769495
769648
769592
770098
769533
769642
769684
769761
769810
770229
769576
769541
769866
769762
769867
769494
769863
770097
769861
770150
770275
769593
769532
769459
770103
769740
769842
769460
769946
769606
770159
769851
769511
770128
770217
769973
769500
770033
770288
769525
769747
770266
769672
769944
770126
769972
770202
770286
770218
770287
769518
769524
769832
769855
769841
769512
769870
771089
770412
770806
770334
770937
770955
770807
771129
770968
770333
770803
770840
770965
770977
770869
770619
770684
770350
770957
770621
770794
770681
770547
770413
771009
771064
770311
770409
770349
770950
770886
771109
770887
771111
771085
770749
770322
770988
770575
770403
770761
770763
770535
770944
771091
770815
771093
770750
770858
770677
770306
770615
770327
770860
770533
770810
770614
771008
771095
770424
771123
770571
771105
770675
771023
771312
771358
771535
771729
771869
771532
771314
771775
771730
771429
771623
771544
771360
771905
771188
771370
771696
771844
771610
771782
771554
771392
771616
771863
771223
771817
771919
771859
771861
771183
771415
771836
771556
771372
771487
772381
772548
772518
772314
772134
772362
772133
772458
772380
772644
772698
772098
772066
772097
772607
772699
772358
772324
772696
772589
772768
772481
772426
772474
772086
772519
772316
772121
772448
772061
772126
772210
772497
772498
772469
772266
772402
771979
772118
772487
772364
772396
772450
771976
772486
772653
772034
772348
772505
772209
772656
772035
772504
772578
772124
772125
772468
772351
773537
772856
773494
773065
772987
773301
773550
773391
772953
773098
772853
772929
773390
772829
773532
772951
773360
772896
773159
772954
773442
773303
773492
772928
772789
773446
773067
773105
773417
772804
772898
773583
772779
773108
772992
773312
773337
773420
773538
773571
773335
773421
772827
773563
773562
772781
773351
772800
773015
773559
773096
772799
774179
773850
774318
773853
773618
774283
773633
773612
773630
773772
774047
774004
774142
773844
773774
773729
774282
773943
773613
773858
773848
773946
774100
774099
774112
774017
773890
774345
773912
773998
773724
773983
773984
773885
774011
773883
774086
774241
773990
773704
773651
773751
773878
774030
773650
774110
773657
774081
773706
774078
774344
773911
774750
774657
774876
774735
774792
774555
774875
774462
774676
774944
774897
774640
775059
774834
774888
774618
774958
774984
774869
774485
774690
774980
774486
775014
774522
775038
774507
774794
774967
774779
774899
774567
775151
774913
774706
774564
774884
774544
775128
774561
774954
774713
774614
774436
774848
774610
775077
775139
774926
774911
774864
774352
774781
774867
775071
775050
774353
775947
775687
775431
775465
775334
775950
775522
775953
775471
775300
775294
775527
775900
775841
775472
775180
775199
775198
775252
775177
775298
775862
775544
775302
775945
775902
775883
775861
775412
775630
775684
775327
775171
775206
775735
775309
775872
775753
775311
775911
775547
775284
775332
775885
775285
775557
775737
775173
775873
775784
775659
775436
776491
776365
776728
776128
776368
776389
776356
776543
776030
776186
776621
776624
776484
776288
776714
776731
776485
776032
776738
776286
776137
776203
776188
776384
776385
776292
776693
776029
776053
775993
776744
776687
776666
776650
776480
776590
775966
776088
776591
776393
776750
776528
775972
776474
776527
776416
776229
776478
776670
776070
776052
776710
776493
775992
776227
776071
776757
776495
776353
776228
776671
776417
775964
776664
776623
776089
776538
776060
776804
777297
777483
777110
776977
777113
777048
777273
777485
776954
776885
777308
776854
777021
777336
776994
777008
777088
776787
777022
777089
776953
777172
776803
777168
777222
777500
776856
776760
776997
777537
776815
777410
777151
777145
777160
777206
777003
776775
776810
777526
777157
777558
776797
776962
777497
777419
776913
776858
776964
777417
776914
777527
776979
776814
777493
777353
777411
776774
777201
777147
776790
777492
777180
777350
778354
778128
778130
777797
777899
777918
778291
778365
778032
777647
777905
778135
778311
778267
777668
777901
777776
777777
777726
778148
778202
778014
777634
777869
777849
778227
777645
778063
777580
778159
777875
777968
777730
778266
777915
777967
777795
777579
778012
777632
778237
777597
777926
778068
778107
777907
778244
778817
778508
778411
778413
778395
779166
778947
778901
778574
778950
778474
778415
778899
778394
779046
778506
779169
778484
778723
778796
779080
779078
779187
778444
778450
778593
779059
779136
778594
778606
778590
779162
779050
778726
779022
779000
778727
778629
778784
778589
778608
778873
778927
778928
778539
779160
778772
778999
778449
778829
778416
778780
778463
778445
778777
779024
778614
779233
779274
779914
779465
779230
779289
779899
779422
779977
779871
779723
779504
779796
779999
779978
779448
779873
779506
779898
779238
779761
779466
779291
779764
779310
779973
779797
779509
779935
779895
779252
779305
779948
779905
779594
779952
779777
779687
779511
779488
779775
779789
779929
779638
779847
779869
779824
779513
779670
779821
779880
779309
779264
779516
779788
779243
779672
779322
779949
779418
780309
780407
780426
780091
780079
780764
780228
780017
780691
780387
780546
780305
780679
780523
780585
780018
780174
780719
780243
780600
780659
780526
780406
780295
780013
780065
780815
780218
780661
780021
780142
780627
780687
780263
780061
780684
780473
780366
780626
780264
780580
780081
780217
780181
780197
780601
780141
780694
780414
780026
780025
780238
780085
780417
780552
781098
781196
781163
781197
780851
780927
781023
781472
781397
781485
780916
781090
781075
781159
780914
780972
781466
781471
781102
781358
781387
781038
781091
781158
780874
780974
780852
780924
780965
781565
780868
781584
781053
780855
781246
781112
781247
781074
781110
780996
781502
781330
780981
780994
781579
781346
781349
781210
781504
780976
781025
781371
781580
781206
780837
780835
781334
781054
780958
780987
780840
782326
781954
782078
781657
781626
782079
782154
781822
781837
781731
781650
781818
781840
781879
782284
781670
782119
781835
782118
781900
781648
781839
781891
781655
782035
782327
781854
781730
781651
782064
781630
781692
781698
781638
781894
781862
782030
782235
782153
782012
781806
782342
781924
782239
781953
781805
782063
782069
781904
782293
781863
781637
781847
782060
781700
783077
782508
783108
782848
782707
782821
782566
783174
783092
782763
782784
782453
782529
782454
782702
782825
782972
782706
782786
782607
782561
782713
782572
782961
782520
782419
782519
782852
782841
783079
782526
782411
782511
783078
782507
782696
783001
782846
782406
783000
782963
782962
782593
783065
782756
782654
782840
783640
783577
783415
783923
783411
783710
783781
783410
783822
783416
783627
783825
783903
783979
783765
783597
783675
783853
783192
783191
783889
783232
783977
783520
783377
783421
783501
783228
783759
783250
783809
783560
783521
783462
783249
783852
783309
783796
783617
783676
784472
784379
784326
784134
784135
784222
784780
784427
784203
784308
784045
784597
784648
784567
784289
784573
784647
784209
784044
784328
784340
784461
784375
784571
784615
784377
784482
784670
784018
784223
784201
784321
784612
784017
784322
784679
784768
784541
784068
784620
784316
784210
784294
784601
784313
784067
783986
784498
784380
784164
784497
784319
784766
784391
784390
784671
784318
783985
784441
784163
784554
784778
784442
784230
784772
784242
784678
784515
784622
784581
784740
784343
784910
785189
784853
785472
785123
784854
785451
785564
785318
785475
784947
785022
784963
785177
785535
785285
785021
784868
785316
785166
785284
785194
785179
784871
785552
784962
785555
785559
785169
784881
785148
785068
784902
784980
785227
785230
784880
784977
785052
785228
785212
785520
785483
785311
785481
785399
785012
784905
785308
785332
785439
785046
785010
785007
785213
784904
785331
785400
785543
785013
785115
785050
785063
785456
785165
785485
785845
786294
786077
786395
786100
786129
785903
786192
785660
786263
786349
785839
786352
786389
786029
785834
786227
785687
785637
785905
785821
785664
785662
785831
785777
786099
786253
785758
785771
786229
786200
786152
786027
786151
786321
785907
785954
785955
786076
785858
785776
786204
786242
785970
785744
785961
786241
786137
785636
786111
786320
786108
786939
787107
787096
786973
786404
786503
787122
786500
786934
786596
786667
786612
786497
786531
786632
786595
786530
786692
786429
787095
787051
787105
786975
787029
786887
786437
786931
786993
786436
786886
786480
786944
786904
786571
786684
786575
786470
786708
786454
786786
786502
786416
786631
786691
786843
786417
787274
787547
787371
787136
787408
787152
787485
787543
787707
787279
787139
787774
787698
787221
787280
787223
787549
787281
787366
787259
787607
787647
787260
787696
787649
787153
787595
787857
787708
787484
787935
787403
787931
787406
787172
787864
787439
787945
787614
787195
787692
787298
787578
787909
787572
787557
787416
787301
787436
787356
787413
787270
787767
787634
787633
787355
787171
787768
787865
787441
787882
787577
787784
787246
787423
787244
787842
787783
788523
788458
788587
788709
788479
788024
788125
788106
788446
788628
788684
787984
788031
788313
788088
788572
788683
788019
787983
788608
788571
788017
788620
788115
788011
788117
788663
788450
788010
788586
788615
788360
788611
788444
788705
788456
788466
788660
788148
788100
788530
788453
788266
788319
788151
788309
788697
788654
788528
788226
788365
788363
788050
788123
787979
788645
788035
788521
788656
788034
788329
788696
788225
788464
788311
788185
788187
788510
788468
788264
787981
788310
788855
789342
788990
789288
789382
789291
789343
789304
789073
788987
789270
789355
789418
788743
789443
788826
788744
789245
789096
789357
789285
789100
788763
789434
789206
789074
789422
789460
789302
788760
788766
789082
789261
788804
788854
789318
788835
788979
789038
788852
789316
789143
788803
789081
789115
789435
788850
789323
789315
788983
789542
789820
790191
789541
789641
789675
790229
790192
790023
789488
789765
790286
789635
790141
789763
790174
789604
789487
789633
790003
790022
789770
790140
790087
790164
789819
790212
789546
790060
789954
789695
790211
789786
789751
789989
789740
789988
789483
789832
790261
789693
789904
789620
790199
789792
790256
789619
789728
789953
789907
790163
789478
789729
789787
790182
789739
789668
789753
790268
789925
789735
789603
790004
790337
790829
790531
790583
790341
790509
790826
791053
790530
790322
790365
790925
790444
790879
790419
790450
790678
790476
790923
791017
790681
790794
791018
790942
790420
790324
790460
790656
790828
790339
790945
791042
790423
790455
790474
790379
790844
790970
790843
790637
790974
790385
790411
790505
790989
790368
790823
790855
790736
790605
790988
790975
790661
790655
790478
790740
790378
790477
790498
790887
790446
790969
790544
790501
790618
790876
790547
791081
790821
790617
791175
791830
791346
791871
791401
791818
791283
791652
791730
791669
791451
791306
791454
791870
791621
791304
791668
791282
791300
791323
791119
791898
791197
791710
791276
791860
791091
791231
791599
791802
791763
791201
791588
791729
791350
791584
791858
791842
791393
791828
791688
791375
791264
791862
791372
791312
791706
791125
791650
791256
791180
791709
791121
791124
791765
792198
792214
792626
792079
791990
792461
791991
792624
791963
792500
792410
792333
792208
792222
792253
792459
792713
792408
792528
791989
792080
792279
792429
791961
791921
792061
792557
792008
792042
791973
792146
792251
792039
791999
792469
791996
792288
792466
792011
792269
791936
792230
792265
791998
792231
792481
792280
791994
792612
792006
792471
792474
792223
792556
792427
792000
792709
792277
792463
792423
793304
793275
793481
792893
793352
793110
793158
792942
793307
793381
793041
792886
793112
793347
793349
792783
793012
793380
793210
793099
792782
792923
793480
792880
792826
793429
793043
792726
793160
792827
793430
792944
793135
792879
792967
792912
792901
792966
793177
793457
792717
792898
792859
793231
793045
793191
792977
793046
792862
792979
793230
793321
793187
792795
793403
792721
793192
792934
793145
793147
793741
793821
793780
793701
793779
794130
794040
794111
793920
793529
793901
793614
793530
793561
794229
793794
793675
793923
793894
793562
793705
793612
794248
793706
793820
794156
793698
793702
794044
793674
794131
794022
794249
794155
794108
794041
794110
793687
794245
793916
794064
793542
793581
794239
793543
794146
794224
794035
793579
794107
794147
794037
793954
794010
794034
793788
794321
794547
794513
794546
794997
794378
794318
794651
794299
794297
794956
794878
794383
794588
794809
794807
794727
794853
794652
794610
794876
794877
794852
794380
794650
794612
795019
795017
794483
794325
794569
794504
794326
794859
794292
794856
794908
794815
794479
794596
794578
794442
794819
794574
794294
794905
794394
794816
794938
795031
794907
794872
794870
794305
794866
795297
795663
795350
795393
795667
795111
795708
795402
795536
795707
795301
795110
795164
795347
795534
795535
795357
795373
795122
795540
795636
795541
795415
795432
795266
795196
795429
795512
795407
795093
795306
795197
795094
795514
795428
795661
795307
795248
795760
795616
795521
795844
796622
795835
796215
796418
796057
796212
796356
795778
796629
796482
796364
796355
796097
795800
796048
795802
796405
795798
796558
795898
796406
795943
796487
796366
795777
796130
796577
795796
796617
795911
796653
796043
795950
796511
795811
796184
796493
796085
796652
796021
795888
796340
796512
795810
796339
796142
795813
796022
795857
796131
795815
796412
796410
796413
795859
796081
796025
797196
796660
796782
797400
796842
797018
797114
796819
796688
796894
796708
797408
797281
796933
797027
797010
796878
797136
797013
797176
796780
797007
796790
797328
796791
796690
796964
796865
797152
797163
796899
797161
797003
796862
797000
796885
797432
797005
797151
797270
797043
797199
796900
797040
797165
797310
796671
797327
797064
797311
796670
796817
797460
798011
798241
797999
797747
797950
797888
797797
798119
797748
798143
797886
797951
797685
797443
797524
797798
798055
798001
798237
798140
797686
798200
797445
797861
797599
797496
798245
797597
797452
797778
797864
797655
797779
797472
797510
797657
797678
798172
798194
797612
797826
798106
798148
797494
798026
797824
798166
797857
798027
797859
798198
798418
799001
798635
799089
798267
798865
798911
798417
798533
798657
798426
798914
798796
799101
798883
798541
799029
798720
798542
798510
798312
798644
798641
798266
798798
798313
798303
798576
798324
798636
798422
798916
799088
798551
798866
798531
798516
798330
798513
798528
799046
798826
798623
799035
798356
798956
798272
798371
798331
798953
798937
798336
798621
798825
799033
798994
798879
798370
798822
798954
798550
798270
798704
798718
798701
798813
799097
798667
798873
798809
799045
798948
798512
798581
798297
798511
798339
798582
799360
799250
799150
799361
799263
799704
799354
799376
799248
799794
799355
799245
799201
799826
799805
799379
799849
799703
799202
799828
799457
799796
799658
799285
799184
799146
799827
799661
799338
799541
799183
799613
799112
799334
799152
799156
799122
799716
799240
799159
799530
799872
799486
799325
799259
799327
799610
799528
799494
799611
799119
799496
799113
799168
799776
799115
799260
799267
799507
799136
799770
799717
799876
799688
799446
800369
800383
800105
800223
800103
800185
800618
800713
800658
799944
800228
800747
800044
800389
799992
799991
800038
800367
800172
799995
800617
800208
800746
800261
799942
799898
800654
800632
799998
799929
799928
800041
800114
800628
799886
800026
800456
800154
799885
800023
800153
800311
800236
800312
800454
800231
800245
800460
800242
800115
800963
801541
801207
800847
801124
801575
801538
801004
801123
801289
800757
801167
801324
800754
801475
801242
801291
801319
801533
800836
800876
801269
801226
801063
801392
801377
801376
801395
801350
801275
800958
801505
801296
801590
801201
801571
800865
800765
801408
801147
801032
801043
800864
801404
800960
801044
800764
801041
801156
801274
801244
801151
801366
801295
800997
801552
801882
802197
802096
801942
801803
802186
801774
801899
801986
802378
802269
802107
801677
801766
801948
802219
801761
802042
801664
802436
801610
801611
802045
801676
801804
801667
801776
801870
801985
802182
801607
802177
801931
801833
802360
802055
801692
802054
801608
801865
801691
802447
802132
801698
801741
801798
801697
802137
801605
801670
801603
802227
802406
802168
802030
802228
802167
801799
801706
802066
802203
802284
801796
801813
801911
802285
801835
802704
802462
803140
803095
802514
802549
802788
803074
802551
802499
802722
802727
802890
802721
802810
803083
802552
803155
802672
803174
802498
802537
803156
802652
802553
802884
802725
802867
802885
803175
802821
803141
803016
803018
803004
802787
803075
803097
802700
803084
802824
802513
803049
802703
803269
803122
803003
803165
803164
803154
803268
803121
802862
802794
802883
802593
802654
802797
803345
803818
803496
804093
803779
803517
803495
803770
803863
803451
803717
803452
803866
803755
803439
803823
803861
803388
803928
803988
803892
803676
803715
803599
804092
803658
803518
803441
803475
803651
804081
803726
803713
803590
803434
803833
803334
803876
803843
803966
803397
803378
803376
803472
803457
803881
803829
803380
803373
803999
803967
803398
803456
803674
803355
803828
803362
803973
804070
803853
804061
804546
804234
804617
804680
804396
804638
804875
804772
804384
804229
804500
804231
804605
804735
804110
804716
804715
804155
804259
804520
804646
804389
804107
804154
804622
804115
804395
804679
804545
804367
804610
804104
804701
804514
804613
804347
804551
804456
804333
804549
804199
804671
804841
804468
804183
804842
804202
804194
804529
804648
804452
804670
804563
804448
804607
804455
805532
805590
805126
805304
805465
805057
804914
805167
805125
804942
805517
805543
805200
805617
805199
805306
805177
805544
804934
805531
805068
805166
804944
805302
805470
805610
805469
805056
805308
805624
804884
805150
804984
805660
805002
805600
805659
805666
805190
805389
804887
805500
804927
805390
805069
805209
805480
805501
804985
805479
805194
805151
805004
805449
805525
805601
