725140
725740
725531
725650
725665
725328
725146
725117
725819
725334
725119
725121
725195
725023
725097
725655
725123
725567
725654
725842
725569
725739
725571
725651
725649
725527
725087
725673
725181
725303
725245
725454
725047
725365
725782
725182
725306
725444
725595
725525
725362
724988
725594
725729
725832
725107
725010
725647
725445
725254
725675
725225
725727
725667
725009
725262
725780
725217
725015
725548
725456
725096
725218
725544
725302
726200
726321
726201
726630
726383
726121
725996
726241
726015
726596
726571
725911
725972
726016
726010
726305
726123
726336
726055
725910
726360
725992
725913
726304
725973
726428
726066
726384
725923
726215
726396
726319
726276
726583
725900
726541
726602
726230
725901
726033
726462
726291
726584
726450
726356
726275
726162
726164
726003
726293
726034
725924
726176
726394
726361
726070
726213
727067
726925
727351
727069
726840
726755
727026
727195
727235
727047
727343
726851
727173
726852
726764
727386
727110
727303
727297
726753
727171
727094
727341
726782
727233
727011
727350
727025
726763
726839
727284
727033
726741
726779
726913
727063
727295
727048
726792
726723
727081
726939
727293
726954
727086
727038
727064
727318
726859
727197
726696
727321
727309
726985
727308
727244
727274
726672
727250
726886
727275
726721
727245
728024
728194
727767
727579
727946
728011
727850
727571
727619
727989
727923
727830
727801
727922
727472
727927
727620
727577
727968
727950
727591
727474
727843
727768
727574
727962
727592
727496
727966
728056
727831
727677
727800
728007
727601
727570
727855
727852
727979
727994
727445
727624
727797
727856
727959
728009
727523
727678
727878
727568
727953
727450
728724
728368
728877
728838
728823
728875
728717
728326
728429
728719
728426
728372
728485
728325
728687
728588
728686
729070
728929
728519
728615
728723
728925
728367
728837
728898
728391
728874
728748
728674
729076
728650
728514
728813
728437
728999
728942
728339
728436
728378
728337
728549
728421
728547
728614
728300
728899
728936
728939
728443
728486
728811
729432
729334
729165
729433
729608
729429
729242
729374
729408
729803
729461
729143
729243
729428
729607
729777
729175
729844
729445
729372
729720
729462
729573
729463
729572
729577
729826
729770
729827
729541
729602
729125
729600
729251
729773
729338
729692
729481
729169
729694
729638
729598
729846
729480
729774
729246
729444
729174
730407
730098
730497
729942
730133
730412
730396
730082
730306
730505
730129
730586
730210
730494
730524
730565
730109
730084
730454
730581
730334
730417
730296
730525
730457
729941
730078
730653
730483
730477
729910
730106
730427
730706
730578
730442
730440
730655
730467
729915
730485
730408
729937
730552
730326
730593
730096
730469
730346
730101
730657
729917
730473
730551
730508
730343
730398
730425
731097
730816
731041
730889
730986
730749
731244
730774
730963
730730
731265
731044
730773
731243
730732
730779
731105
731111
731063
731076
731045
731024
730751
730997
731060
731347
731039
731143
731015
730962
731346
731218
731077
731028
730759
730800
730762
731084
730987
731089
730839
731085
731460
730814
730968
731461
731410
731195
731090
731048
731050
730823
730763
731463
731250
731106
731464
731600
732003
731550
731555
731650
731640
731711
732075
731905
731878
732244
731593
732261
731877
731613
731964
732074
732245
731928
731519
731865
731551
731651
732024
731868
731520
731815
731531
732269
731796
732270
731525
731564
731849
731858
731756
731917
731488
731782
731483
731524
732001
731896
731487
731856
732174
731798
731813
732017
731530
733041
732624
732753
732585
732687
733042
732544
732887
732335
733020
732896
733036
732786
732338
732788
732320
732696
732339
732897
732700
732465
732697
732552
732469
732626
732686
732961
732590
732888
732847
732311
732493
732333
732537
732667
732351
732411
732464
732554
732312
732990
732571
732327
732543
732306
732857
732559
732349
732490
732501
732307
732447
732560
732426
732407
732325
733085
732734
732781
732389
732331
732861
732666
732500
732517
732534
732392
733492
733266
733772
733259
733380
733309
733396
733405
733275
733778
733509
733420
733442
733444
733370
733681
733251
733254
733818
733255
733867
733443
733179
733250
733265
733865
733308
733262
733162
733474
733511
733656
733674
733558
733367
733561
733142
733160
733889
733434
733744
733410
733615
733658
733746
733415
733473
733452
733451
733439
733143
734063
734598
734095
734311
734529
734470
734455
734081
734452
734703
734456
734527
734067
734475
734339
733999
734313
734235
734237
734157
734061
734361
734503
733952
733951
734029
734070
734183
734717
734386
734288
734079
734291
734726
734718
734241
734507
734659
734369
733977
734022
734403
734195
734462
734072
734363
734387
734198
734340
734732
733975
734000
734994
735074
735525
735510
735066
734951
735483
735299
735371
735075
735293
734823
735545
734845
734824
735338
735272
735349
735306
735469
734814
735291
734955
735309
734858
735328
735558
735229
734815
735340
735089
735557
734857
734991
735134
734859
735133
735087
735396
735471
735764
736134
735858
736326
735855
735608
735951
735937
736276
735916
736052
735632
735944
736094
736207
736054
736057
735676
735611
736203
735914
736099
735631
735819
735684
736327
735681
735902
736201
736238
735872
736283
736234
735875
735740
736110
735904
736245
736216
735827
735683
735886
735929
735889
736215
735924
736010
736109
736242
735714
736067
735870
735673
735876
735931
735618
736068
736828
736674
736979
736809
736433
736675
736445
736827
736803
736994
736723
736400
736584
736603
736538
736908
736422
736401
736709
737049
736792
736473
736805
736807
736977
737052
736818
736654
736621
736568
737189
736857
737192
736893
736962
736570
736820
736718
736477
736713
736961
737191
736430
736721
736650
736638
736487
736683
737703
737650
737436
737714
737961
737280
737258
737810
737922
737330
737324
737453
737317
737598
737245
737572
737569
737284
737713
737297
737244
737928
737963
737608
737510
737454
737513
737257
737574
737360
737357
737824
737905
737642
737833
737970
737765
737633
737298
737821
737310
737619
737439
737558
737540
737457
737927
737835
737763
737541
737350
737253
738106
738006
738222
737985
738128
738450
738112
738317
738606
738515
738318
738219
738131
738345
738110
738341
738607
738586
738516
738340
738436
738670
738707
738007
738679
738449
738708
738046
738117
738099
738061
738343
738530
738142
738468
738205
738226
738527
738525
738328
738224
738472
738365
738529
738122
738209
738662
738593
738037
738047
738332
738744
738741
738243
738145
738272
738116
738659
738033
738274
737993
738119
738864
739052
738886
738867
739560
738807
739342
739251
738908
739090
739479
738808
738909
739293
739235
739478
739339
738974
739231
738994
738992
739585
739521
739522
739245
739435
739447
739538
739089
739075
739591
739456
739278
739613
738890
739559
738845
739597
739083
739534
739271
739364
739394
739179
739165
739443
739363
739533
739268
738843
739076
739087
739171
739614
739515
738970
739174
740237
739762
740362
740325
740204
740192
739890
739976
740108
740056
739900
739871
740259
739853
739999
739764
739915
740321
739849
740110
739728
739899
740239
739697
739766
739732
740320
740257
739807
740363
739779
739720
739778
739974
739913
740373
739885
739687
739673
739652
739926
740447
739770
740448
740313
740165
740033
740057
740081
739866
740218
740161
739689
739805
739654
739791
739857
740019
739841
739704
740139
740375
740034
739790
740411
739880
740268
739840
739674
739925
740371
739997
740754
741277
740853
740574
740749
741174
740710
740790
741003
741002
740701
741180
741232
740844
741058
740745
740941
741230
740731
740908
740782
740783
740579
741076
740669
741078
740906
740854
741134
740668
741176
741036
741265
740729
740503
740505
740798
740817
740774
740793
741081
740961
741023
741254
740933
741022
740751
740935
741019
740819
741018
741246
740829
741034
741567
741611
741773
741531
741616
741497
741539
741736
741778
741441
741326
741422
742082
741557
741327
741553
741672
741755
741537
741392
741495
741534
741565
741390
741709
741598
741822
742040
741440
741543
741604
741356
741319
741599
741897
741727
741953
741311
741689
742012
741771
741706
741315
742065
741610
741465
741681
741431
741464
741435
741725
742072
742075
741372
742038
741544
741603
741357
741898
742534
742926
742879
742729
742853
742282
742268
742266
742750
742594
742748
742434
742730
742684
742285
742773
742538
742706
742845
742596
742849
742661
742794
742896
742298
742817
742432
742481
742690
742549
742482
742527
742570
742796
742471
742720
742404
742207
742907
742552
742242
742307
742676
742843
742821
742243
742448
742208
742908
742855
742300
742571
742683
743429
742989
743432
743603
743322
743433
743259
743755
742993
743367
743553
743717
743339
743145
742999
743071
743466
743068
743073
743115
743770
742997
743069
743360
743112
743144
743321
743258
743601
743365
743075
743464
743357
743228
743734
743169
743394
743154
743373
743209
743663
743176
743641
743293
743213
743659
743739
743758
743735
743079
742942
743036
743217
743029
743472
743032
743199
743171
743316
744134
743990
744055
744110
744214
743804
744131
743880
743898
743780
744115
744130
743882
744485
744463
744422
744136
744378
744421
743992
744379
743784
743828
743981
743944
744534
744445
743942
743827
743787
743788
744304
744535
744104
743843
744217
743836
743840
744057
744198
744493
743808
743940
744199
744390
744147
744103
744002
743896
744515
744001
744393
743999
744552
744860
744898
744632
744633
744958
745332
744862
745223
745321
745167
744959
745229
745288
745323
745185
744894
745168
744855
745187
745230
744817
745248
744745
744743
744856
745131
745144
744714
744595
745267
745003
745122
745199
744805
745121
744759
744764
744718
744804
744934
745278
745216
744719
745279
744763
744713
744908
745127
745957
745787
745744
745790
745429
746131
746133
745996
745994
745402
745884
745671
745660
745530
745423
745924
746036
745394
745592
745804
746148
745507
745731
745467
746057
745449
745470
745777
745404
745563
745642
745801
745922
745452
745835
745676
745899
745393
746071
745831
745723
745555
745472
745556
745896
745547
746066
746105
745466
745505
745664
746056
745736
746526
746152
746369
746405
746470
746707
746523
746793
746752
746946
746849
746408
746541
746528
746624
746365
746794
746947
746754
746367
746247
746773
746716
746730
746466
746410
746386
746179
746364
746623
746875
746854
746705
746388
746294
746690
746876
746524
746250
746182
746770
746789
746591
746740
746542
746439
746711
746186
746737
746888
746691
746890
746290
746599
746559
746437
746643
746965
746209
746961
746556
746399
746887
747495
747028
747026
747047
747421
747013
747632
747141
747216
747085
747088
747039
747628
747375
747036
747420
747414
747481
747051
747740
747105
747482
747106
747377
747455
747012
747402
747609
747497
747606
747608
747049
747454
747217
747652
747315
747143
747102
747285
747187
747284
747170
747307
747190
747550
747326
747099
747491
747096
747211
747100
747410
747424
747345
747327
747582
747172
747311
747097
747274
747581
747527
747075
747644
747103
747305
747551
748289
748014
748225
747886
747817
748326
748448
748276
748094
748024
747996
748247
748223
748028
748234
748013
748274
748075
748330
748032
748290
748071
748442
747945
748090
748072
748381
748340
748299
748143
747963
748529
748003
748528
748302
747887
748197
748376
747947
747816
747984
747773
748086
748491
748017
747815
748255
748368
748367
748297
748303
747775
748342
747999
748372
748708
748961
748777
748897
748779
748668
748955
749287
749099
749311
749265
748629
748667
748799
749263
748760
749139
748717
749132
749288
748775
748898
748703
749153
748712
749019
748641
749142
748930
749344
748643
748763
748700
749343
749359
748887
749300
748889
748791
749349
748622
749246
748905
748633
749180
749029
749332
748916
748914
749021
749008
748909
748862
748931
748863
749989
749574
749914
750125
750039
749865
749917
750107
749816
749883
749424
749531
749508
750106
749505
749858
749487
749881
749814
750133
749595
749971
750143
749530
749990
749830
749461
749605
750101
749664
750073
749462
749812
749611
749498
749808
749417
750199
749496
749941
749913
749742
749946
749475
749418
749945
749807
749572
749479
750144
750100
750171
750134
749828
749610
750071
749740
749482
750437
750221
750417
750594
750487
750684
750492
750538
750860
750226
750366
750749
750549
750596
750889
750429
750905
750534
750862
750399
750403
750868
750475
750400
750225
750847
750404
750259
750643
750622
750468
750548
750641
750888
750235
750282
750409
750232
750896
750849
750834
750386
750881
750883
750258
750280
750620
750230
750624
751124
751712
751240
751068
751598
751342
751435
751112
751281
751238
751706
751496
751720
751114
751586
751474
751072
751254
751750
751236
751334
751253
751494
751066
751439
751748
751295
751276
751757
751552
751213
751331
751642
751079
751198
751701
751343
751527
751689
751322
751713
751741
751190
751123
751762
751366
751078
751515
751293
751526
751514
751566
751320
751775
751363
751185
751187
751084
751784
751073
751411
751788
752403
752260
751866
751922
751882
752326
752112
752010
751888
751944
752007
751904
752399
751883
752478
752524
752360
751820
751880
751899
751920
752231
752255
752372
751959
752280
752433
752325
751831
751873
752281
751909
752385
752526
751865
752366
752382
752289
752141
751834
751963
752395
752411
752256
752195
751964
752102
751850
751947
752432
751847
751960
752529
751875
751853
752609
752938
752830
752677
752929
753085
753220
752617
753045
752767
753280
753221
753297
753294
752927
752766
752619
753308
752679
753279
752608
753161
753041
752939
752838
752669
752955
752548
753237
752954
752648
752640
753099
753022
753004
752545
753117
752822
753240
752637
753291
752650
753056
753102
752550
753054
752667
753006
752919
752725
752727
754198
753455
753387
753727
753356
754058
753730
753458
754093
753359
753393
753768
753439
753566
753812
753845
754157
753976
753568
754132
753379
753454
753357
753333
753972
753386
753519
753696
753928
754063
753447
753391
753507
753366
753418
754028
754110
753328
753516
754128
753448
753924
753330
753598
753509
754020
753364
753405
753838
754127
754105
753503
753721
753402
753324
753361
753595
754027
753694
754480
754366
754823
754582
754529
754826
754299
754569
754963
754846
754472
754678
754337
754650
754909
754825
754469
754303
754837
754309
754547
754822
754308
754538
754419
754708
754799
754619
754464
754477
754279
754545
754953
754703
754622
754811
754886
754948
754280
754564
754330
754252
754615
754273
754644
754803
754880
754420
754254
754336
754614
754291
754718
755747
755083
755234
755675
755308
755643
755084
755351
755233
755680
755455
755434
755172
755433
755412
755066
755682
755019
755021
755070
755389
755685
755688
755674
755126
755214
755161
755306
755608
755250
755245
755614
755399
755387
755651
755035
755474
755347
755459
755657
755011
755132
755015
755702
755382
755609
755246
755130
755033
755012
755112
755133
755299
755693
755652
755971
755808
756276
756137
756010
755867
755849
756361
756364
756297
756505
755786
756465
756135
756332
755861
756502
756461
756032
756278
756484
756447
756482
756160
756125
755809
756296
756509
756280
755813
756143
755829
756497
755873
756166
756476
756020
755821
756156
756085
755828
756372
756159
756168
756371
756306
756084
755836
757238
757286
756704
756832
757317
757325
756738
757033
756659
756727
757034
756756
757284
756949
756663
756721
757302
756845
756789
756724
756566
756870
756759
757111
756805
757296
756784
757339
756882
756765
756901
756650
756689
757237
756904
756649
756668
757236
756899
756786
756982
756730
757109
756859
757247
756657
757113
757297
758074
757869
757517
757830
757374
758028
757947
758060
757948
757999
757424
757978
757971
757414
757974
757700
757436
758018
757399
757606
757862
757901
757398
757943
757991
757957
757976
757516
757889
757867
758031
757653
758016
757720
758076
757609
757394
757899
757927
757838
757503
757725
757670
757650
757985
757553
757674
757831
757469
757487
757835
757552
757983
757937
757860
757455
757694
757612
758104
757627
757361
758613
758359
758191
758416
758515
758356
758903
758372
758745
758208
758793
758232
758374
758796
758453
758627
758418
758626
758472
758623
758193
758296
758460
758380
758525
758211
758426
758739
758134
758276
758233
758590
758589
758940
758448
758393
758390
758939
758343
758664
758840
758348
758841
758646
758569
758446
758275
758253
758216
758649
758257
758931
759120
759114
759243
758977
759405
759390
759292
759313
759353
759393
759288
758983
759122
759425
759508
759391
759352
759672
759235
759144
759582
759293
758979
759432
759512
759471
759591
759268
759234
759394
759588
759128
759422
759129
759403
759113
759520
759272
759514
759145
759516
759315
759164
759366
759704
759267
759521
759365
759281
759705
760056
759995
760033
760350
759992
760505
759771
760037
759830
759783
760427
760423
760370
759816
759785
760502
759831
759817
760279
760238
760367
760055
760507
759996
759953
760241
760200
759769
760243
760506
760499
760354
759988
760283
760002
760009
760357
759950
760441
760271
760216
760089
760323
759875
760446
760003
759778
760090
759878
760306
760448
759990
760501
759984
760331
759986
760221
759780
760042
760011
759880
760066
760102
761151
761002
760620
761315
761226
760658
760634
761018
761104
761139
761237
761140
760712
761103
760860
761333
760878
760714
760859
760632
761277
761156
760611
760696
760986
761150
760845
761042
760905
760688
761335
760701
760582
761110
760988
760931
761125
760638
761180
760607
760995
760891
760836
761116
760848
760751
760686
760996
760791
760936
761117
761181
760647
760892
760653
761092
760752
761228
760581
761016
761111
760660
761127
760644
762154
761960
761394
761629
761817
761807
761826
761401
761632
761994
761955
761586
761381
762081
761583
761977
761863
761864
761889
761996
761359
762046
761624
761452
761356
761456
761641
761747
761383
762009
762084
761649
761748
761983
761425
762043
761391
761984
761490
762070
761426
762010
761623
761421
761874
762092
761492
761952
762108
761529
761651
761878
761737
761735
761644
761970
762114
761417
762318
762502
762549
762331
762506
762530
762963
762742
762508
762709
762744
762723
762914
762725
762895
762606
762311
762911
762661
762710
762358
762852
762550
762199
762437
762401
762899
762414
762849
762494
762890
762652
762531
762337
762572
762286
762499
762883
762936
762882
762328
762493
762889
762665
762322
762325
763283
763203
763589
763032
763275
763179
763505
763710
763644
763460
763419
763712
763615
763417
763112
763284
763636
763374
763643
763503
763261
763583
763065
763415
762983
763776
763017
763586
763393
763763
763074
763231
763391
762979
763637
763078
763410
763771
763355
763432
763660
764420
764363
763807
764356
763891
763882
763880
764407
764067
764073
764337
763838
764115
763897
763884
764335
764442
764111
764424
763965
764081
763937
764448
764409
763966
763915
764027
764610
763913
764200
764509
763810
764512
764046
764295
764280
764561
764279
763888
764557
764204
764192
764297
764430
764196
764100
764395
764083
764299
764103
763869
763936
764428
764396
763870
765317
764653
765328
765329
765062
764628
765010
764635
765356
764998
764963
765199
765253
764690
765016
765203
764773
765000
765066
765143
765015
764655
765003
764636
765159
765118
765370
765388
765140
765158
765012
765006
764977
764845
765057
764807
765168
765320
764854
765048
764969
765363
764990
765245
765238
764979
765086
764666
764626
765257
764967
764847
764664
764980
765303
765034
765365
764808
765243
765319
764618
764872
765170
765361
764761
764871
765186
764970
765028
764989
765872
766151
766167
765429
765563
765934
766173
766174
765814
765800
765838
765921
765491
765805
765543
765490
765546
765836
766142
765803
766075
765861
765754
765810
765587
765956
765932
766042
766192
765592
765969
765644
765977
765724
765769
765970
765496
765596
765497
765610
765432
765456
765768
765513
765609
765598
765877
766056
765541
765947
765645
765503
765946
765606
765975
766038
765603
766328
766891
766324
766387
766227
766681
766542
766890
766771
766493
766902
766391
766767
766736
766713
766518
766999
766715
766434
767010
766766
766901
766436
766738
766805
766998
766847
766273
766772
766929
766618
766904
766540
766305
766722
766855
766605
766903
767015
766842
766371
766785
766957
766220
766271
766486
766788
766861
766723
766372
766773
766316
766609
766875
766643
766431
766510
766919
766859
766711
766483
767016
766840
767046
767062
767162
767746
767189
767616
767311
767314
767086
767312
767518
767315
767749
767149
767232
767519
767185
767612
767641
767147
767429
767145
767471
767418
767435
767166
767539
767813
767756
767175
767401
767241
767121
767778
767124
767656
767122
767714
767499
767126
767217
767655
767449
767501
767387
767504
767409
767812
767710
767406
767430
767305
767151
767076
767384
768472
768276
767848
768114
767866
767873
768075
768157
768080
768061
768041
768634
767874
768121
768043
767846
768093
768173
767924
768342
768024
768560
768289
768131
768050
768426
768348
767962
768457
767863
767900
768340
768564
768091
768070
768511
768150
768272
768149
767901
768168
767920
767914
768035
768291
768516
767861
768072
768690
769177
769284
769265
769286
769411
768689
768711
769212
769121
769447
768931
769078
769096
769119
769448
769237
768710
769332
769348
768854
768813
768932
768814
769417
768838
769202
769055
769148
769211
769103
769338
768823
768697
769108
769333
768839
769254
769146
769059
769400
768700
769293
769259
769296
768886
768737
770049
769926
769825
769880
769718
770230
770000
769630
769715
770276
770010
769542
769577
770176
769558
769924
769826
770008
770091
769554
770246
769899
770002
770109
769911
769697
769875
770206
769628
769499
770282
769709
769564
770114
770059
769466
769567
770048
770111
769831
769695
770220
769969
769753
769929
770268
769508
769874
769996
770043
769756
770041
770180
769481
770262
769933
770377
770586
770595
770720
770437
770727
771070
771037
770505
770452
771036
770821
770569
770453
770639
771051
770438
770366
770725
770432
770457
770460
770741
770363
771004
770993
770469
770778
770735
770444
770441
771104
770511
770903
770865
770738
770998
770773
770737
770635
770902
770864
770379
770849
771121
771098
770817
770853
771020
771002
770733
770731
771306
771912
771874
771768
771586
771457
771256
771639
771875
771377
771814
771679
771156
771911
771271
771618
771559
771200
771666
771167
771196
771583
771808
771195
771541
771464
771270
771198
771539
771665
771899
771199
771581
771524
771852
771848
771237
771304
771677
771378
771522
771661
771854
771787
771749
771332
771714
771166
771884
771897
771398
771779
771592
771387
771373
771257
771157
771234
771388
771323
771573
771374
771746
771318
771492
771614
771222
771491
771390
771452
771498
771286
771353
771501
771470
771333
771447
771448
771783
771575
771396
772612
772203
771950
772106
772515
772566
771990
772601
771947
772690
772242
772193
772745
772416
772010
772663
772049
772414
772328
771986
772330
772671
772173
772238
771952
772237
772070
772342
772611
772567
772689
772760
772389
772287
772368
772732
772639
771958
771955
772758
772367
772627
772150
772187
772345
772053
772385
772511
772263
772384
772603
772264
772534
772388
772813
773285
773508
772908
773027
772912
772941
773221
772812
773173
773024
773206
772916
773376
772849
773553
772947
773101
773021
773000
773177
772795
773162
773026
772914
773395
773070
772943
773371
772836
773127
773165
773222
773257
772923
773522
772780
773240
772926
773572
773168
773464
772838
773313
773040
773507
773196
773398
773039
773044
773143
773293
773197
773289
773296
773577
773268
773047
773465
773145
772881
773781
774057
773966
773839
774102
774007
773715
774280
773691
773693
773712
773733
774019
774024
773735
773671
773610
774276
773592
773782
774150
774042
774103
774026
773598
773669
773975
773811
773658
774267
774136
773679
773798
774183
774138
774206
773600
773646
774182
773647
774132
774171
774135
773809
774188
774095
774752
774381
774410
774398
774458
774448
775087
774854
774732
774589
774421
774733
774400
774853
774504
774551
774467
774420
774647
774554
774677
774597
774482
775080
774426
774382
774743
774742
774530
775132
775073
775041
774700
774533
774866
774428
774973
774711
774598
774974
774799
774456
774446
774648
774452
775043
775134
775074
774418
775716
775800
775718
775836
775263
775518
775776
775512
775260
775879
775493
775834
775781
775706
775850
775492
775224
775324
775849
775673
775725
775237
775258
775707
775158
775569
775726
775365
775513
775837
775572
775488
775485
775440
775322
775765
775562
775764
775208
775811
775359
775535
775168
775319
775402
775414
775361
775637
775187
775747
775449
775382
775825
775749
775320
775826
775639
775635
775441
775192
775537
776618
776096
776255
776020
776559
776488
776548
776303
776487
776036
776549
776119
776450
776734
776037
776094
776191
776612
776397
776238
776563
776400
776012
776585
776226
776299
776193
776156
776253
776437
776586
776341
776565
776220
776436
776396
776705
776570
777032
777193
777188
777192
777542
776879
777551
776971
777319
776767
777428
777321
776969
776968
776818
777555
776844
776763
776903
777450
777463
777462
777556
777058
777244
777228
777184
777472
776768
777519
777458
776922
777434
776819
777162
777104
776958
776999
777357
777102
777060
777488
777489
777242
776967
776874
778172
778019
777654
777800
778123
777615
778035
777712
777934
777709
777569
777748
777688
777587
777690
778288
777783
778122
777839
778257
777805
778286
777896
777802
778020
777674
778171
777573
778005
777655
777673
778334
777771
777852
778283
777739
778320
778057
778178
777808
777995
778224
778181
777584
778036
778234
777616
777861
778184
777743
777895
777697
777862
777791
778304
777704
777994
778319
777772
777741
777787
779082
778940
778526
779132
778532
778941
778649
778617
778582
778858
778919
778645
778718
778987
779030
779028
778534
778964
778580
778844
778993
778584
778955
778923
778979
778766
779148
778884
778634
778985
778892
778586
778711
778732
778813
778984
779118
778868
778893
778981
779057
779211
779912
779545
779193
779459
779911
779462
779680
779541
779708
779428
779425
779500
779705
779440
779549
779210
779850
779910
779604
779444
779562
779600
779543
779591
779783
779202
779355
779807
779255
779201
779438
779616
779679
779392
779908
779619
779851
779805
779840
779536
779963
779806
779560
779964
779535
779324
779353
779782
779630
779967
779256
779697
779584
780500
780167
780447
780288
780422
780485
780398
780346
780506
780384
780157
780287
780155
780101
780284
780507
780777
780299
780446
780394
780711
780310
780159
780589
780458
780706
780771
780146
780274
780268
780357
780573
780702
780256
780105
780277
780331
780808
780192
780049
780501
780130
780468
780419
780810
780700
780729
780150
780710
780279
780823
780460
780355
780707
780822
780369
780254
780270
780276
781275
780911
781236
780870
780826
781363
781008
781036
781533
781039
781338
781415
781083
781156
781115
781013
781337
781012
781140
781238
781531
781380
780871
781143
781512
781379
781265
781414
781002
781216
781214
781462
781154
781367
781369
781031
780899
781222
780944
781460
781441
781321
780942
781029
781476
781119
781442
781311
781213
781477
781443
781323
781221
781353
781988
782213
781935
781769
781992
781816
781663
782096
782271
781632
781761
782193
781975
781814
782333
781633
781661
781934
781998
781990
781995
782330
781708
781888
781705
782211
782304
782166
781777
782052
782027
781717
782317
782335
781764
781811
782169
782285
781720
781680
782129
781972
781910
781786
782105
782321
782278
782303
781884
782047
782127
781718
782111
782318
782287
781911
782938
782437
782377
782495
782540
782542
782886
783071
782723
782810
782955
782809
782371
782389
782434
782722
782956
783070
782470
782715
783130
782372
782532
782533
782991
782858
782662
782423
782668
783117
782523
782386
782367
783101
783119
783007
782467
782939
782791
782426
782480
782576
782438
782478
783061
782514
782742
782740
782378
783015
782577
782675
782505
782513
782360
783016
782793
782639
782795
782415
782672
783103
782796
782499
782400
783198
783694
783516
783553
783199
783298
783750
783180
783716
783451
783883
783449
783590
783753
783886
783614
783454
783365
783965
783487
783306
783754
783885
783874
783866
783748
783260
783546
783219
783696
783319
783635
783431
783613
783363
783910
783486
783235
783674
783686
783327
783475
783702
783672
783717
783637
783835
783558
783813
783698
783294
783699
783382
783664
783380
783946
783461
783481
783547
783775
783700
783240
783404
783537
783243
783815
783943
784504
784564
784098
784565
784156
784505
784730
784716
784713
784013
784386
784710
784139
784528
784033
784118
784054
784052
784350
784154
784117
784246
784290
784418
784007
784026
784179
784531
784166
784025
784430
784125
784351
784177
784724
784021
784003
784247
784703
784103
784022
784432
784514
784174
784009
784127
785088
784832
785176
785294
785183
785003
785320
784913
785548
785041
785380
785339
785099
785411
784835
785394
784815
785338
785393
785100
785322
784833
785412
785356
785084
785024
785280
785005
785344
785034
784799
784839
785364
785354
785026
785030
784823
785346
785032
785373
785128
785263
784841
785261
785488
784837
784816
785491
785676
785925
786039
785878
786082
785922
786288
786194
785918
785652
785713
786372
785765
785569
785709
786287
785840
785653
786046
785835
785753
786080
786296
786144
785759
786145
785767
786384
786014
785870
785740
785864
786149
786385
785719
786089
786070
785684
785640
785619
786284
785971
786154
785678
786218
785579
786382
785679
786163
785599
786010
785914
786158
786156
786220
785680
786054
785950
786164
785741
785720
785964
785641
786305
786286
785620
786675
786547
786867
786812
787010
786525
786835
786546
786494
786410
786854
786509
786869
787022
786637
786876
786633
787086
786636
786634
787026
786508
786448
787002
786836
786484
786818
786970
786584
786586
786523
786827
786537
787076
786580
786689
786651
786883
786536
786518
786701
786703
787036
786645
787016
786850
786723
787035
786862
786520
786951
786513
786610
786514
786609
786662
787176
787234
787669
787667
787179
787722
787390
787923
787600
787324
787348
787711
787319
787465
787601
787606
787604
787345
787391
787860
787213
787545
787266
787553
787845
787167
787617
787898
787803
787862
787541
787718
787637
787903
787529
787904
787796
787430
787199
787531
787789
787429
787630
787193
787265
787629
787897
787618
787168
787800
787719
788028
788128
788237
788722
788690
788258
788473
788178
788199
788551
788724
788016
788131
788716
788591
788482
788719
788541
788717
788718
788065
787964
788549
788538
788537
788565
788475
788632
788168
788269
788001
788203
788650
788094
787954
787997
788229
788208
788135
788228
788190
788270
788191
788463
787962
788577
788652
788858
789430
788832
789429
789272
788821
788968
788924
789067
788927
789251
788822
789188
789381
789049
789360
789375
788863
788816
789213
789252
789198
788817
789212
789253
788866
789220
789373
788870
788894
788791
789118
788959
788906
789163
789333
789396
788890
788802
788976
788790
789414
789183
789137
789218
788797
789402
788871
790110
789995
789700
789963
790107
789798
790185
790070
789861
789972
789920
790034
789781
789779
789512
789714
789699
790245
789755
790106
789797
790036
790114
790267
789949
789670
790158
789659
789712
789813
789743
789874
790280
790101
789812
789848
790278
789660
789849
789672
789864
790160
789942
790040
789974
790097
790269
789950
790870
790556
790359
790715
790386
790996
790873
790298
790712
790343
790814
790666
790711
790815
790771
791005
790884
790361
790831
790695
790374
790850
790643
790723
790967
790745
790718
790720
791029
790561
790555
790722
790372
790978
790391
790933
790390
790701
790664
790293
791309
791525
791567
791893
791556
791343
791696
791543
791733
791098
791558
791421
791097
791468
791603
791797
791409
791363
791781
791661
791895
791779
791418
791247
791531
791494
791852
791297
791848
791593
791163
791489
791241
791726
791158
791242
791141
791751
791208
791166
791411
791294
791164
791413
791660
791159
791246
791410
791846
791575
791484
791398
791419
791206
791485
791574
792433
792414
792666
792153
792415
792650
792439
792088
792072
792584
791979
792090
792338
792395
792569
792645
792337
792581
792681
792295
792680
792668
792583
792303
792386
792368
792536
792607
792633
792180
791954
792264
792638
792267
792606
792347
791956
792391
792034
792384
791941
792179
792101
792126
792535
792478
792369
793334
792845
792846
793062
793075
793449
793259
793374
793260
792766
793055
793237
793242
793295
793448
793117
793119
793406
793165
793363
792720
793271
793234
792719
792816
793293
792906
793357
793359
793444
792762
793319
793338
793396
793337
793076
793171
793067
793455
793408
792814
793439
793437
793054
793395
792990
793115
793554
793896
793572
793895
793991
794021
793926
794096
793536
794188
794006
793982
793532
793980
793900
794091
793996
794026
794137
794025
794007
793555
794115
793886
794097
793905
793516
793571
793883
793784
793515
794196
794139
794121
793759
793971
793875
793646
794076
793589
793864
793502
794127
793621
794017
793540
793595
794190
793851
793501
794049
794066
793623
794191
793683
794053
794016
793761
793594
793625
793862
793678
794048
793969
794741
794981
794474
794648
794707
794544
794915
794900
794303
794565
795002
794750
794371
794491
794786
794485
794605
794901
794917
794606
794527
794345
794372
794445
794794
794377
794737
794708
794398
794849
794542
794631
794458
794523
794389
794802
794308
794564
794343
794501
794796
794520
794475
794661
794994
794349
794515
794779
794934
794658
794623
794410
794406
795009
794931
795460
795336
795208
795129
795108
795717
795221
795226
795380
795068
795217
795455
795214
795086
795458
795103
795131
795085
795083
795243
795088
795188
795648
795444
795281
795119
795716
795227
795338
795133
795062
795656
795180
795490
795735
795283
795056
795626
795235
795607
795605
795653
795327
795543
795625
795422
795747
795424
795286
795142
795643
795144
795739
795658
796175
796149
795968
795807
796619
795786
796167
795820
795822
796114
795994
796095
795901
796015
795997
796422
795882
795879
795818
796017
796171
796055
796424
795995
796252
796159
796166
796399
796384
796151
796606
796113
795906
795787
796310
796458
796224
795955
796031
795864
796046
796221
795956
795998
796393
796395
795853
796456
796226
796613
796397
796375
795870
796573
796137
796572
796376
795938
796460
796473
795965
796588
796218
795854
796391
796576
796029
795860
796465
796454
796158
796932
796729
797030
797267
796703
796679
797306
796663
797379
796757
796870
797076
796750
796873
796667
796993
797189
796806
797192
796852
797133
797131
797024
797265
796855
797020
796755
796976
796705
797384
797383
796928
797380
796725
796675
797251
796966
797179
796831
796730
797289
796979
796828
796715
797183
797154
796824
796770
797186
796809
796774
797277
796723
797335
796968
798002
797894
797691
797851
798122
797457
797438
797459
797811
797800
797615
798056
798057
798121
797526
797903
797527
797583
797542
798025
797902
797853
797668
798012
797582
798004
798180
797788
797892
798006
797896
797437
798179
797485
797614
797880
798015
797822
797593
797784
798023
797744
797876
798019
797587
797586
797960
797981
797955
797977
797928
798094
797488
797980
797961
797881
797829
797917
798367
798832
798834
798572
798574
798470
798846
798300
798837
799064
798810
798363
798903
799027
798734
798732
799021
798496
798595
798847
798836
798594
798472
798592
798607
798949
798560
798896
798783
798259
798608
798805
798681
798568
798293
798603
799070
798252
798526
798769
798258
798781
798979
799462
799434
799192
799289
799173
799189
799580
799287
799227
799225
799460
799439
799231
799852
799578
799274
799591
799256
799387
799608
799384
799216
799741
799280
799234
799587
799548
799217
799282
799860
799589
799265
799864
799627
799176
799595
799171
799304
799242
799550
799628
799592
799900
800034
799950
800264
800515
800308
800163
800290
800512
800321
799947
800047
800555
800594
800518
800612
800188
800286
800430
800046
800307
800301
800596
800379
800649
800151
800546
800187
800122
800125
800164
800542
800194
800138
800672
800142
800394
800610
800523
799910
800143
800357
800483
800504
799986
800255
800651
800338
800400
800343
800679
800256
799985
800314
800585
800339
800342
799883
800510
800601
800294
800587
800414
800158
800193
800260
800708
800431
800393
800524
800503
801449
800800
801169
801311
801481
801068
800967
800881
800778
800838
801321
801381
800894
801213
801493
800796
801328
800892
801361
800873
801183
800774
801320
800874
801184
800773
801313
801066
800832
800948
801116
800801
801114
800879
800839
801471
800977
801338
801487
801341
800830
801486
801176
801346
801483
800768
800784
801343
801236
800809
801332
800766
801420
800810
801562
801510
801194
800804
801469
801333
801258
800972
801904
802087
802338
802235
801653
802003
801960
802256
801809
801731
801790
802195
802238
801730
802193
802004
802410
801847
802412
801614
801710
802318
802199
802261
802140
802124
802317
801906
802121
801651
801978
801858
801791
801935
801794
802172
801720
802207
802119
802171
801975
801969
802322
801955
802200
802346
802090
801968
801787
801609
801962
801933
802206
801950
801859
802546
802548
802985
803077
803058
802559
802480
803102
802598
802637
803114
802456
802596
802474
802558
803257
803030
802944
802972
802920
803063
802576
802578
802971
802482
802684
802987
802804
803247
802769
802603
803078
803057
802573
802526
802799
802473
802591
802903
803220
803107
802531
802631
802845
803092
802761
802750
803185
802604
802533
803034
803106
802590
803211
802504
802763
802982
802683
802506
802760
803066
802757
802835
803112
803069
803118
804046
803933
803619
803767
803327
803945
804051
803948
803501
804005
803930
804008
803324
803310
803386
803947
803447
803500
804047
803479
803326
803721
803476
803478
803474
803806
803982
803468
803382
803282
803741
804003
803469
803605
803878
803897
803648
803525
803976
803969
803740
804055
803807
803607
803283
803423
803877
804319
804506
804382
804763
804337
804540
804444
804260
804856
804161
804764
804357
804261
804625
804859
804391
804714
804254
804624
804440
804320
804815
804557
804836
804342
804270
804588
804214
804552
804359
804627
804292
804631
804291
804845
804220
804238
804635
804792
804336
804507
804415
804819
804240
804414
804574
804822
804790
804566
804824
804781
804721
804408
804703
805172
805040
805187
805039
805545
804952
805016
805422
805052
805053
805423
804955
804991
805013
805318
805106
805230
805454
805445
805131
804902
804959
804999
805621
805395
805565
805581
805188
805091
805228
805503
805457
805414
805074
805504
805092
804972
805626
805157
805072
805143
805191
805548
805140
805444
805250
805486
805434
805648
804904
805023
804964
805130
805145
805485
804961
805580
805154
