1021027
1020783
1021391
1020840
1020987
1020766
1021163
1020768
1020763
1020672
1021533
1021292
1021013
1021294
1020571
1021043
1021194
1020675
1021633
1021503
1021026
1020655
1020877
1021375
1020786
1021237
1020752
1021627
1020965
1021122
1020842
1021176
1020641
1020638
1021258
1021195
1021119
1020866
1021158
1021042
1020899
1021569
1021133
1020762
1021212
1020902
1020779
1021257
1020985
1021769
1022120
1021947
1022420
1021838
1021786
1022762
1021830
1022265
1021781
1022759
1022706
1022157
1022065
1022408
1022440
1022520
1022077
1021735
1022799
1021820
1022125
1022251
1021691
1021901
1022441
1021827
1022078
1021949
1021646
1021707
1022560
1021859
1022464
1022358
1022760
1022753
1022582
1021850
1022063
1022523
1021899
1022341
1021710
1021821
1021689
1021734
1023283
1023054
1023658
1023554
1023475
1023777
1022961
1023705
1023656
1023043
1022827
1023136
1022959
1023838
1023778
1023405
1023031
1023472
1022818
1023053
1023334
1023124
1023067
1023030
1023633
1023064
1023859
1023309
1023780
1023285
1023041
1022967
1023316
1023066
1023815
1022878
1023709
1023333
1023555
1023036
1024361
1024753
1024815
1024774
1024679
1024082
1023901
1024958
1024359
1023926
1024211
1024377
1024393
1023929
1024540
1024030
1024374
1024735
1024685
1024453
1024337
1024790
1023944
1024263
1024820
1024531
1024772
1023900
1024936
1024084
1024228
1024284
1024898
1024775
1024581
1024381
1024210
1024845
1024956
1024678
1024117
1024177
1024916
1024941
1023991
1024935
1024939
1023947
1024322
1024905
1024959
1024262
1024124
1024751
1024960
1024578
1024940
1024022
1024389
1023933
1024286
1024738
1024690
1024014
1025182
1026070
1026037
1025640
1025639
1026005
1025696
1025680
1025992
1025627
1025891
1025788
1025386
1025044
1025407
1025801
1026030
1025647
1025279
1025408
1025400
1026060
1025397
1025291
1025356
1025901
1025993
1025368
1025157
1025183
1025349
1025096
1026061
1025369
1025773
1025546
1025434
1025612
1025352
1026043
1026039
1025833
1025156
1026045
1025835
1025564
1025602
1025678
1025695
1025383
1025320
1025890
1025098
1025718
1025202
1025494
1025618
1025190
1025399
1025435
1025735
1027142
1026955
1026852
1027128
1026880
1026365
1026533
1026865
1026246
1026521
1026573
1026840
1027171
1026540
1026963
1027174
1027124
1026680
1027026
1026397
1026630
1026722
1026546
1026191
1026717
1026886
1026993
1026317
1027066
1026981
1026469
1026314
1026631
1026815
1026366
1026539
1027088
1026331
1026281
1026238
1027086
1027125
1026534
1026754
1026980
1027144
1026834
1026757
1026657
1026190
1026734
1026882
1026897
1026395
1026571
1026545
1027130
1026881
1026470
1026767
1027089
1027033
1026885
1026242
1026898
1026664
1026332
1026338
1026282
1027858
1028275
1028190
1027704
1027989
1028103
1028015
1027697
1027692
1027642
1028271
1027196
1027927
1027693
1027960
1028191
1027679
1027274
1028102
1027609
1027952
1028273
1028288
1027276
1027624
1027270
1027303
1027648
1027497
1027910
1027446
1027677
1028006
1028041
1027966
1027883
1027954
1028005
1028289
1028169
1027950
1027438
1028035
1028174
1027271
1027351
1027302
1028209
1027190
1029137
1028353
1028812
1028375
1029262
1029177
1028607
1028605
1028836
1028480
1029448
1029259
1028477
1028444
1029267
1029131
1029134
1028445
1029266
1028613
1029179
1029382
1028832
1029049
1029136
1028853
1028833
1029027
1028429
1028855
1028354
1028385
1028421
1029420
1028634
1028760
1029498
1028612
1029240
1029442
1028769
1028841
1028369
1028425
1028366
1029239
1028759
1028632
1028990
1028878
1028782
1028778
1029026
1029349
1029186
1028838
1029841
1029812
1030092
1029593
1029936
1030646
1029580
1029530
1030031
1030278
1029588
1030210
1030573
1030600
1030614
1029739
1030601
1029955
1029988
1029531
1030030
1029678
1029707
1029536
1030093
1029732
1030551
1029943
1029853
1029802
1030202
1030615
1030340
1029738
1030599
1029558
1030345
1029561
1029895
1029679
1029538
1030157
1030552
1030652
1029779
1030577
1030201
1029560
1029729
1030635
1030137
1030632
1029697
1029852
1029987
1031710
1031466
1030931
1031853
1031099
1031329
1031401
1030929
1031407
1030876
1031192
1031459
1031470
1031709
1030676
1031723
1031412
1031522
1030917
1031690
1030799
1031851
1031653
1031261
1031520
1031245
1031722
1031465
1031253
1031191
1031091
1031089
1030720
1031628
1030932
1031332
1031656
1031246
1031251
1030753
1031097
1031844
1031655
1032603
1032078
1032002
1032629
1032707
1032711
1032733
1032294
1032661
1032210
1032865
1032955
1032735
1032592
1032541
1032026
1032180
1032646
1032016
1032507
1032290
1032943
1032179
1031897
1032209
1032381
1032438
1032369
1032302
1032368
1032139
1032662
1032934
1032618
1032483
1032439
1032017
1032442
1032664
1031896
1032131
1032422
1032323
1032198
1032384
1032423
1032443
1032312
1032309
1032336
1032042
1032317
1032044
1032482
1033710
1033853
1033504
1033693
1033436
1033283
1034151
1034146
1033223
1033399
1033000
1033137
1033111
1033199
1033680
1034029
1033123
1033711
1033397
1033402
1033676
1033141
1033442
1033758
1033202
1033934
1033222
1033277
1033431
1033108
1033008
1033760
1033206
1033557
1033121
1033855
1033285
1033116
1033282
1033821
1033003
1033341
1033857
1033403
1033527
1033880
1033939
1033678
1033369
1034000
1033203
1033834
1033371
1033686
1033820
1033337
1034666
1034874
1034653
1034833
1035012
1034596
1034696
1034982
1034591
1034594
1034835
1034961
1034590
1034578
1034217
1034756
1034194
1035160
1034795
1034171
1034665
1035204
1034200
1034827
1035154
1034550
1034932
1034555
1035013
1034561
1034510
1034272
1034681
1034819
1034344
1034403
1035279
1034914
1034313
1034611
1034845
1035156
1034568
1034785
1034609
1034930
1034744
1034401
1034872
1034757
1034922
1034343
1034203
1035247
1035585
1035596
1036293
1035670
1035952
1036426
1035752
1036076
1035366
1036036
1035760
1035536
1035967
1035567
1035482
1036008
1036290
1035955
1035566
1035673
1035367
1036066
1035987
1035610
1035333
1036410
1035951
1036147
1036048
1035968
1035594
1035563
1036192
1035480
1036425
1036403
1035302
1035570
1035591
1035416
1036200
1036017
1035535
1036050
1035606
1035754
1035592
1035483
1036412
1035956
1036126
1035600
1036018
1035462
1036377
1035780
1035918
1036342
1036073
1036423
1036404
1036717
1036996
1037117
1037578
1037527
1037240
1036557
1036993
1037105
1036841
1037154
1037033
1036812
1036718
1037121
1036755
1036690
1037103
1036484
1037576
1037476
1037546
1037239
1036473
1037392
1036809
1036875
1037593
1036683
1037418
1036944
1037070
1036839
1036685
1036967
1036968
1037312
1037540
1036676
1037523
1036997
1037213
1037863
1038633
1037745
1038708
1038327
1037899
1038214
1038654
1037786
1038086
1038655
1038705
1037900
1038470
1038501
1037878
1038508
1038203
1038406
1037796
1038229
1037906
1037622
1037799
1038357
1037860
1038529
1038405
1038194
1037824
1037750
1037600
1037781
1037752
1038016
1037784
1038019
1038362
1038319
1038606
1037909
1038204
1037876
1037907
1037685
1037619
1038102
1038081
1037782
1038530
1038068
1037746
1037599
1037986
1038710
1037800
1038095
1038322
1037912
1039606
1039514
1039687
1038731
1039379
1039465
1039112
1039678
1039744
1039027
1039315
1039314
1039054
1039029
1038964
1039148
1039364
1038995
1039684
1039713
1038992
1038972
1039495
1039264
1039266
1039515
1039652
1039111
1039380
1039562
1039655
1039720
1039338
1039611
1039563
1039481
1039146
1039805
1039521
1039765
1039529
1039587
1039225
1039425
1039070
1039035
1039224
1039764
1039586
1039601
1039104
1039555
1038963
1039608
1039092
1039095
1039106
1039676
1039036
1039651
1039429
1039777
1040416
1040496
1040768
1040347
1040726
1040399
1039903
1039975
1039841
1040773
1039982
1040604
1040329
1040059
1039904
1040323
1039890
1040400
1040439
1040334
1040434
1040486
1040765
1040352
1040364
1040365
1039984
1040348
1039892
1040761
1040767
1039842
1039908
1040502
1039981
1040834
1039910
1040759
1039976
1039979
1039913
1040877
1040357
1040891
1040828
1039945
1039878
1039983
1040442
1040727
1039869
1040886
1040833
1042008
1041742
1041245
1041917
1042003
1041378
1041328
1041152
1041260
1041670
1041470
1041455
1041303
1041555
1041431
1041170
1041807
1041434
1041502
1041039
1041534
1041925
1041726
1041466
1041569
1041451
1041351
1041388
1041404
1041532
1041454
1041936
1041604
1041554
1041435
1042033
1041853
1041860
1041244
1041306
1041998
1041075
1041427
1041723
1041696
1041458
1041153
1042050
1041761
1041077
1041379
1041927
1041302
1041944
1041460
1041608
1041267
1041503
1041038
1041967
1041673
1041187
1041791
1042052
1041190
1041243
1042031
1041327
1041310
1042007
1041546
1041057
1041394
1041694
1041762
1043014
1043119
1042716
1042761
1042143
1042228
1042980
1042621
1043003
1042375
1042242
1042604
1042118
1042655
1042557
1042079
1042846
1043093
1042660
1042560
1042372
1042422
1042823
1042401
1043107
1042526
1042427
1042508
1042402
1042229
1043046
1042241
1043118
1042700
1042652
1042741
1042423
1042240
1042237
1042200
1042841
1042415
1042195
1042264
1042593
1042592
1043016
1042862
1042836
1043099
1043671
1043675
1043437
1044215
1043683
1044035
1043691
1043708
1043661
1043240
1043383
1043205
1043724
1043443
1044152
1043600
1043440
1043598
1043851
1044217
1043438
1043297
1043777
1043612
1043616
1043909
1043712
1043431
1043866
1043836
1043325
1043847
1043189
1043681
1043665
1043693
1043345
1043611
1043644
1043823
1043711
1043333
1043989
1043852
1043723
1044036
1044256
1043822
1043953
1043384
1043344
1043168
1043717
1043428
1043617
1043290
1045110
1044904
1044931
1045256
1044720
1044531
1045357
1045031
1045032
1044729
1045286
1044600
1044545
1045133
1045212
1044385
1045111
1044846
1044366
1044964
1045049
1044959
1045307
1044361
1045258
1044459
1044541
1044650
1044457
1045310
1045358
1045039
1044387
1044800
1044588
1044264
1045963
1045403
1046391
1045804
1045660
1046293
1046155
1046104
1045739
1045464
1046203
1046047
1046448
1045498
1045709
1045442
1046130
1045496
1046019
1046449
1046204
1046185
1045672
1046438
1045915
1045864
1045964
1046390
1046064
1045925
1045806
1045632
1045734
1046170
1045578
1045625
1046315
1046352
1045466
1046356
1046442
1046399
1045669
1045662
1045871
1045579
1045671
1045627
1046400
1046186
1045453
1046382
1046236
1046522
1046943
1047429
1047243
1046854
1047077
1047381
1046859
1047521
1046550
1046508
1047427
1047135
1046553
1047506
1047528
1047320
1046549
1046855
1046507
1046557
1046523
1046910
1046960
1046719
1047139
1047148
1047430
1047142
1047378
1046592
1046985
1047067
1047450
1046587
1047021
1047507
1047426
1046541
1047068
1046521
1047526
1047061
1046711
1047328
1047151
1046630
1047232
1046944
1047195
1047929
1047773
1047736
1047940
1048232
1048076
1047858
1048597
1047667
1048068
1047968
1048720
1047897
1047971
1048003
1047803
1048019
1048558
1047588
1047764
1047899
1047988
1048447
1048398
1047862
1047630
1048556
1048392
1048685
1048017
1048296
1047673
1047996
1047632
1048419
1048272
1047800
1048677
1047772
1047562
1047712
1048048
1048037
1048385
1048022
1048598
1048025
1048632
1047930
1048229
1048274
1048061
1047734
1048086
1048074
1048397
1048060
1048221
1047879
1047561
1047720
1048085
1048631
1048675
1048077
1049150
1048907
1049011
1049147
1049130
1049511
1048802
1049262
1049882
1049576
1048881
1048945
1049477
1049860
1049184
1049206
1048889
1048805
1049506
1048734
1048906
1049635
1049861
1048973
1049738
1048854
1049061
1049545
1049584
1049148
1049566
1048875
1048791
1049018
1049747
1048891
1049533
1048772
1049001
1049103
1049667
1049863
1049182
1049556
1048996
1048944
1048864
1048858
1049260
1049739
1048869
1049107
1049663
1049881
1049483
1048953
1049569
1049479
1048852
1049000
1049807
1049012
1050599
1050515
1050682
1051021
1050205
1050090
1050693
1050734
1050989
1050987
1049996
1049952
1050610
1049908
1050803
1050258
1050407
1049978
1051009
1049945
1049995
1050675
1051014
1050847
1050737
1050053
1050386
1050745
1050742
1050206
1050519
1050513
1050037
1050638
1050064
1050316
1050999
1050321
1050535
1050804
1050400
1049944
1050389
1050600
1050639
1050060
1050347
1050953
1050733
1050845
1050577
1050259
1050066
1051011
1050047
1050362
1049974
1050360
1050520
1050039
1051540
1051151
1051490
1052072
1051522
1051311
1051638
1051100
1051844
1051385
1052180
1052117
1051498
1051760
1051388
1051194
1051406
1051230
1051186
1051098
1051840
1051292
1051399
1051985
1051848
1051542
1051854
1052122
1051386
1051488
1051857
1051878
1051395
1051521
1051404
1051875
1051755
1052107
1051458
1051926
1052081
1051229
1051872
1051757
1052067
1051150
1051452
1051046
1051877
1051839
1052092
1051573
1051726
1051397
1051188
1053247
1052458
1052726
1052626
1052915
1053282
1053273
1052637
1052573
1053186
1053165
1052802
1053149
1052262
1052662
1052855
1052493
1052801
1052496
1052390
1053274
1052223
1052572
1052727
1052263
1053021
1052656
1053106
1052468
1052412
1052944
1052230
1052293
1052935
1053226
1052372
1052739
1052820
1052960
1053237
1052660
1052249
1052916
1052883
1052749
1052925
1052371
1052413
1052244
1053895
1053966
1054285
1053957
1054301
1053652
1053791
1053458
1053436
1054248
1053917
1053610
1053874
1053601
1053806
1054231
1054006
1053325
1053425
1053481
1053612
1054252
1053836
1053915
1053457
1053366
1053430
1053673
1054396
1053604
1053446
1053417
1053936
1053337
1054013
1053334
1053345
1053348
1054398
1053448
1054260
1053808
1053964
1053790
1053552
1054121
1054026
1053431
1053950
1054007
1054050
1053937
1053809
1053483
1053676
1053861
1053834
1053367
1053545
1053435
1054233
1054105
1054758
1054800
1055036
1054451
1055500
1055482
1055297
1055403
1054592
1055504
1055038
1055151
1055342
1055140
1055511
1055143
1054593
1054496
1055441
1055013
1055448
1055010
1054437
1054700
1054797
1055507
1054666
1054989
1055031
1054668
1054988
1055438
1054831
1054701
1055446
1054494
1054712
1055085
1054970
1055029
1055190
1055765
1056521
1056013
1056279
1055569
1056020
1056005
1056549
1055699
1056083
1055520
1056278
1056408
1056588
1056212
1056191
1055646
1056198
1055926
1055565
1055836
1056545
1055568
1056175
1055760
1056586
1056147
1055588
1056176
1056004
1055930
1055758
1055818
1056041
1056472
1056084
1055867
1056190
1056600
1055950
1056572
1055692
1055924
1055932
1056216
1055748
1055837
1056214
1056564
1056591
1055647
1056081
1055819
1057096
1056947
1056695
1057230
1057035
1057140
1057531
1056945
1057274
1057650
1057671
1057200
1057191
1057710
1057138
1056744
1057049
1057563
1056709
1057681
1057498
1056895
1056693
1057095
1056863
1057693
1056689
1057177
1056705
1056937
1056906
1057529
1057062
1056940
1056944
1057229
1057259
1057176
1057672
1056902
1057723
1057307
1056668
1057026
1056889
1057733
1056745
1056941
1056706
1058480
1058611
1057781
1058747
1058800
1057913
1058250
1058199
1058836
1057861
1058018
1057985
1057886
1058182
1058221
1057889
1057882
1058803
1058289
1057860
1057915
1058381
1057862
1058397
1058610
1058004
1057932
1058725
1058118
1057884
1058748
1058433
1058487
1058002
1057890
1058387
1058239
1057957
1058856
1058030
1058439
1058484
1058837
1058527
1058866
1057796
1059207
1059067
1059629
1059939
1059001
1059157
1059557
1059171
1059926
1058877
1059935
1059505
1059734
1059105
1059086
1059199
1059385
1059659
1059382
1059082
1059002
1058902
1058994
1059143
1059814
1059538
1058878
1059498
1059101
1059812
1059183
1059393
1059666
1059421
1058965
1059371
1059623
1059461
1059022
1059056
1059523
1059178
1059376
1059943
1059536
1059556
1059023
1059058
1059460
1059055
1059660
1059622
1058996
1059420
1059778
1059177
1059941
1059182
1060184
1060291
1060364
1060702
1060983
1060970
1060719
1060201
1060650
1061094
1061040
1060366
1060109
1060668
1060268
1061062
1060261
1060842
1060512
1060590
1060687
1060370
1060415
1060339
1060217
1061088
1061043
1060635
1060792
1060811
1060293
1060984
1060865
1060432
1060269
1060652
1060973
1060735
1060624
1060003
1060655
1060666
1060737
1060394
1061014
1059980
1060371
1060764
1060165
1060260
1060808
1060765
1061098
1060157
1060218
1061015
1060659
1060695
1060346
1060188
1060697
1060200
1060654
1060166
1060341
1061963
1061448
1061285
1061523
1061346
1061867
1061820
1061456
1061623
1061188
1061911
1061413
1061136
1061163
1061489
1061700
1061477
1061671
1061882
1061736
1061694
1061967
1061282
1061182
1061459
1062247
1061125
1061785
1061412
1062026
1061255
1061221
1061315
1061175
1061966
1062239
1061209
1061159
1061212
1061173
1062198
1061186
1061513
1061645
1061313
1061345
1062195
1062182
1062249
1061786
1061989
1062003
1061454
1061488
1061670
1061699
1061647
1061721
1061575
1061621
1061910
1062859
1062275
1062394
1063251
1062877
1063047
1062882
1062852
1062630
1063101
1063267
1062858
1062279
1063268
1062480
1062404
1062553
1062589
1062878
1063176
1062522
1063395
1062533
1063175
1062631
1063245
1063061
1063129
1063226
1063304
1062403
1062706
1062888
1062267
1063337
1063258
1062560
1062610
1062944
1063247
1063339
1062851
1062393
1062473
1063394
1062293
1063534
1064189
1063588
1063817
1063858
1064058
1063568
1064457
1063570
1064420
1064128
1064010
1064028
1063493
1063561
1063670
1064111
1063591
1063899
1064070
1063563
1063911
1063719
1063661
1063829
1063634
1064009
1064204
1063856
1063637
1063555
1064438
1063853
1063818
1064072
1064039
1063578
1063920
1064212
1063717
1063681
1064411
1063840
1063581
1063675
1064075
1063851
1064116
1063816
1064400
1064456
1063687
1065368
1064693
1065127
1064885
1065008
1065105
1065463
1065455
1064614
1064962
1064864
1064821
1064586
1065180
1065637
1065492
1065211
1065248
1064702
1064981
1064820
1064968
1065039
1064694
1065109
1065041
1064554
1065604
1065288
1065244
1065362
1065608
1065425
1064813
1064529
1064862
1064964
1064883
1065493
1064700
1065007
1065465
1065216
1065363
1065549
1064599
1064556
1064825
1064530
1064794
1064587
1065397
1065126
1064814
1064789
1064521
1064982
1065408
1065104
1066241
1066215
1066479
1066778
1066393
1066112
1066030
1066343
1065823
1066243
1065941
1065854
1066317
1066588
1065819
1066156
1066807
1066157
1066809
1066607
1065663
1066248
1066103
1065923
1065686
1066114
1065712
1066152
1065925
1065853
1066339
1066526
1066789
1066521
1066614
1066555
1065737
1066590
1066775
1066210
1066149
1066028
1065662
1066494
1065830
1066209
1066539
1066584
1066150
1066306
1065906
1065834
1066660
1065710
1066392
1066527
1066245
1067669
1066982
1067634
1067105
1067149
1066936
1066909
1067170
1067162
1066934
1066819
1067870
1067096
1066950
1066878
1067518
1066901
1067268
1067396
1066904
1066968
1066818
1067301
1067398
1066830
1067098
1067660
1067154
1066971
1067129
1066963
1066908
1066972
1067651
1067168
1066959
1067040
1067871
1067523
1067520
1067286
1067025
1067389
1067716
1067968
1067865
1067127
1067529
1067388
1066902
1067834
1067326
1067300
1067150
1066884
1067964
1067157
1067864
1067092
1068818
1068444
1068297
1068335
1068490
1068796
1068256
1068569
1068456
1068004
1068616
1069132
1069083
1068829
1068255
1069136
1068309
1068813
1068484
1068007
1068011
1068795
1068333
1068480
1068489
1068380
1068316
1068589
1069125
1068862
1068675
1069077
1068001
1068893
1068570
1068382
1068133
1068344
1068057
1068135
1068457
1068132
1067982
1068872
1068288
1068819
1068440
1068863
1069091
1068058
1068773
1069873
1069602
1069554
1069713
1070166
1069242
1070208
1069316
1069581
1070246
1069678
1069578
1069859
1070248
1069619
1069779
1070125
1069310
1069716
1070206
1069650
1069297
1069714
1069685
1069807
1069202
1069448
1069792
1069844
1069623
1069201
1070026
1069866
1070042
1069522
1069905
1069720
1069596
1069260
1069380
1069160
1069733
1070110
1069382
1069706
1069261
1069511
1069795
1069809
1069745
1069704
1069901
1069604
1069417
1069717
1069852
1069312
1069241
1069804
1069635
1069404
1069552
1070860
1070374
1070645
1070358
1071303
1070458
1070923
1071169
1070972
1071187
1070893
1070469
1070395
1070393
1070587
1070527
1070861
1070521
1070472
1070646
1070874
1070504
1070570
1070973
1070529
1071180
1070615
1070867
1070547
1070503
1070437
1070922
1071212
1070545
1070865
1070936
1071168
1070598
1070933
1070419
1070535
1071129
1070877
1070751
1070373
1070571
1070613
1070548
1071136
1070584
1070403
1072351
1072505
1071716
1072326
1071768
1071904
1072036
1071829
1072521
1071838
1072100
1071718
1072502
1071938
1071532
1072364
1072442
1072515
1072327
1072281
1072345
1072109
1072483
1071770
1071824
1072321
1071935
1071970
1072239
1071753
1072322
1072395
1071762
1072463
1072397
1071969
1072438
1072457
1072360
1072069
1071828
1071764
1072437
1071845
1072465
1072279
1072233
1071747
1072496
1072086
1072034
1071903
1072456
1072489
1071339
1073024
1073550
1073267
1073156
1073253
1072767
1072953
1072952
1072774
1073580
1073161
1072740
1072765
1073114
1073032
1072744
1072614
1073562
1072738
1073623
1073344
1073155
1073567
1073047
1073570
1073574
1073622
1072705
1072694
1073034
1073343
1073025
1073211
1073091
1072764
1073180
1073512
1072808
1072643
1073191
1072778
1072645
1073090
1072807
1073181
1072743
1072691
1073251
1072703
1073571
1073151
1073021
1073248
1073254
1074043
1073744
1073772
1074616
1074026
1073698
1074613
1074781
1073690
1073635
1074428
1074330
1074339
1073968
1074290
1074654
1073780
1074185
1074727
1074782
1074657
1073842
1073934
1074724
1073932
1073707
1073750
1074533
1074548
1074775
1074125
1074637
1073771
1073787
1073687
1073716
1074563
1074136
1073724
1074695
1074468
1074434
1073840
1073971
1074326
1074776
1074191
1073753
1073723
1074124
1074079
1074327
1074134
1073783
1073697
1074010
1073794
1073935
1074187
1074978
1074869
1075799
1075132
1075470
1075762
1075039
1075691
1075127
1075345
1075669
1075120
1074885
1075187
1074935
1075605
1074979
1075122
1075583
1075125
1075653
1075668
1075881
1075862
1075275
1074889
1075460
1075179
1075027
1075708
1075112
1074928
1075329
1075471
1075662
1075861
1075170
1075458
1075660
1075057
1075346
1075298
1075330
1075773
1075262
1075110
1075054
1075000
1075777
1076606
1076128
1076634
1077011
1076680
1076517
1076813
1076273
1076742
1076106
1076165
1076241
1076352
1076708
1076104
1076572
1076021
1076663
1076690
1077027
1076760
1076442
1076635
1076706
1076940
1076621
1076561
1076285
1076983
1076910
1076274
1076108
1076512
1076300
1075987
1076913
1076693
1076670
1077009
1076558
1076555
1076375
1076239
1076484
1076373
1076619
1076759
1076234
1076942
1075907
1075986
1076688
1076154
1076474
1077026
1076610
1076235
1075949
1077808
1077311
1078187
1077799
1077543
1077107
1077720
1077773
1077517
1077256
1078052
1077077
1077678
1077548
1077635
1077106
1077156
1078183
1077084
1078139
1077305
1078152
1078104
1077518
1077841
1077217
1077076
1078049
1077979
1077243
1077884
1077951
1077490
1077854
1077952
1077231
1077549
1078192
1077886
1077314
1078013
1077634
1077152
1077259
1078106
1077219
1077801
1077298
1078169
1078153
1077372
1078055
1077981
1077304
1077483
1078189
1077227
1077149
1077544
1078160
1078043
1078060
1077774
1078595
1078741
1078660
1078909
1078689
1079208
1078665
1078623
1078762
1078454
1079267
1078668
1078446
1078703
1078317
1078449
1078622
1078829
1079144
1078338
1078975
1078910
1078810
1079206
1078633
1078748
1079077
1079081
1078248
1078228
1079048
1078691
1078439
1079200
1079645
1079726
1079729
1079581
1080257
1079732
1080331
1080121
1079306
1079406
1079869
1079807
1079650
1079404
1080317
1079631
1079597
1079853
1079753
1079840
1079685
1079677
1080166
1079684
1079596
1080110
1080319
1079448
1079739
1079513
1079570
1079751
1079913
1079567
1079410
1080285
1080396
1080311
1079870
1079912
1079460
1079484
1079333
1079571
1080332
1079812
1080283
1080111
1079520
1079920
1080398
1079389
1079294
1079808
1079519
1079295
1080156
1079728
1079755
1080198
1080288
1079643
1080313
1079485
1079799
1079447
1080664
1081014
1081509
1081237
1081083
1081026
1081004
1080906
1081117
1081204
1081516
1081017
1081138
1080617
1081485
1081508
1080615
1081505
1081381
1080506
1080556
1081234
1080414
1081393
1080982
1081238
1081472
1081023
1081094
1081460
1080733
1080648
1081451
1080510
1081093
1080734
1081464
1080646
1081009
1081300
1080536
1080868
1081099
1081406
1081456
1080907
1080557
1080588
1081466
1080532
1081008
1081461
1081003
1080465
1081212
1081203
1081021
1081479
1081098
1080869
1081125
1081539
1080669
1080462
1081229
1081742
1081676
1082123
1081771
1082607
1081758
1081624
1082125
1081750
1082152
1081967
1082101
1081799
1082150
1081682
1082247
1082080
1081870
1081806
1081625
1082083
1082122
1082507
1082472
1081855
1082263
1082313
1081858
1082031
1081864
1082126
1082542
1082233
1082485
1081670
1082522
1081673
1081741
1082077
1081749
1082682
1081969
1081838
1082202
1082200
1082029
1082528
1082134
1082303
1081797
1082691
1081759
1081808
1082622
1082462
1081773
1082576
1083703
1083235
1083332
1083454
1083366
1082856
1082708
1083327
1083112
1083747
1082997
1083085
1082826
1083076
1083392
1083445
1083453
1083328
1082804
1083367
1083733
1083331
1083264
1083751
1083716
1082829
1083306
1083167
1082998
1083214
1082805
1082855
1082851
1083701
1083732
1083360
1083236
1083075
1083138
1083293
1083278
1083341
1083330
1083446
1083758
1083342
1083363
1083600
1083756
1083096
1083137
1082849
1082760
1083277
1083448
1083216
1084852
1084007
1084892
1084282
1084502
1083875
1083848
1084353
1083888
1084611
1084569
1084266
1083993
1084000
1084878
1084267
1084348
1084242
1083980
1084894
1084281
1084857
1084005
1084835
1084607
1084440
1084002
1083832
1084756
1083994
1084355
1084779
1084654
1084568
1083889
1084853
1084268
1083949
1084828
1084350
1084196
1084273
1084948
1083955
1083876
1084646
1084739
1084647
1084251
1084863
1084668
1085754
1086099
1085490
1085593
1085797
1086040
1085371
1085095
1085284
1085179
1085459
1085409
1085152
1086051
1085052
1085953
1085258
1085337
1085956
1085501
1085762
1084983
1085947
1085768
1085001
1085519
1085109
1084996
1085096
1085231
1085798
1085488
1085474
1085408
1085057
1086079
1085110
1085895
1085266
1085520
1085760
1085129
1085505
1085048
1084981
1085180
1085288
1085811
1085262
1085229
1085155
1085295
1085949
1085441
1085753
1085594
1086074
1085372
1085445
1085784
1085008
1085058
1086837
1086793
1087209
1086559
1086346
1086126
1086621
1086614
1086867
1086941
1086667
1086551
1086274
1086133
1086938
1086130
1086364
1086960
1086926
1086921
1086833
1086868
1087007
1086749
1086349
1086278
1086626
1086681
1086186
1086967
1086572
1087216
1087191
1086739
1086740
1086557
1086191
1086950
1086478
1087190
1087074
1086824
1087049
1086747
1086836
1087203
1087181
1086143
1086571
1087226
1086477
1086691
1087034
1086620
1086283
1087073
1086823
1087604
1087617
1087923
1087943
1087695
1088150
1087995
1087540
1088141
1088200
1087718
1087951
1087687
1087506
1088255
1087706
1088078
1088304
1087453
1087958
1087327
1088050
1088079
1087750
1087381
1087858
1087983
1087354
1088169
1088149
1088059
1087875
1087924
1087622
1087675
1087810
1088081
1087710
1087713
1088100
1087674
1087996
1087730
1087474
1088052
1087669
1087666
1087455
1087403
1087812
1087602
1087649
1087869
1087526
1087789
1088251
1087503
1088099
1087597
1087857
1087785
1087868
1087955
1087742
1087731
1088047
1087382
1087290
1087325
1088633
1088574
1088888
1088569
1089524
1088905
1088429
1088680
1089080
1089410
1088832
1089579
1088409
1088972
1089535
1089521
1089108
1088637
1088782
1089223
1089066
1088780
1088487
1088957
1088907
1088897
1089081
1088681
1088423
1089580
1088410
1088949
1089149
1088870
1088448
1088970
1088626
1089428
1088449
1088623
1088835
1088737
1088713
1088959
1089411
1089558
1089590
1089067
1088887
1088489
1088903
1089224
1089775
1089704
1090519
1090510
1089951
1089742
1089642
1090027
1090746
1090232
1090499
1090716
1090083
1090733
1089703
1090740
1090445
1090699
1090200
1090665
1090366
1089958
1089902
1089961
1089903
1090318
1090706
1090745
1090566
1090321
1090526
1090370
1090727
1090623
1090377
1090520
1090086
1089960
1090379
1090528
1090732
1090669
1090447
1090685
1089758
1089617
1090708
1089801
1090314
1090585
1089682
1090683
1090503
1090122
1090726
1089618
1089757
1090025
1090222
1091048
1091029
1091178
1091068
1091189
1091478
1091392
1091226
1091167
1091492
1090825
1091110
1090984
1091413
1091165
1091627
1091107
1091702
1091438
1091680
1091196
1090824
1091382
1091578
1091203
1090982
1091698
1090906
1090844
1091886
1091410
1091457
1091786
1091360
1091628
1091039
1091475
1091124
1091002
1091126
1091234
1091070
1091202
1091089
1091304
1090905
1091882
1091903
1091049
1091851
1091476
1091046
1091843
1091393
1091726
1091437
1090875
1091580
1090845
1090842
1092758
1093042
1092787
1092750
1091995
1092493
1092435
1092731
1092055
1092339
1092096
1092730
1092784
1092077
1092796
1093049
1092479
1092501
1093047
1092178
1092782
1093019
1092478
1092235
1092186
1092683
1093009
1092076
1092325
1093039
1092510
1092073
1092585
1091975
1092502
1092526
1092326
1093033
1092685
1092638
1092426
1092958
1093031
1092772
1092045
1093050
1091994
1092236
1093270
1093233
1093681
1094043
1093795
1093206
1093316
1093736
1094171
1093261
1093227
1094053
1093873
1093236
1093528
1093111
1093244
1093229
1094013
1093493
1094173
1093722
1093663
1093972
1093775
1093822
1093701
1093494
1093243
1093947
1093874
1093337
1093726
1093717
1093204
1093605
1093555
1093505
1093057
1093604
1093682
1093531
1093338
1094011
1093518
1093520
1094169
1093937
1093101
1095288
1095320
1094937
1094606
1094425
1095122
1094700
1095016
1094202
1095207
1094903
1094946
1094575
1094633
1095318
1094598
1094939
1094977
1094430
1095213
1094242
1095317
1094432
1095123
1094270
1095033
1094496
1094751
1095068
1094550
1094699
1094407
1094881
1095325
1094707
1095066
1094546
1094644
1094491
1095298
1094752
1095297
1094981
1095049
1094708
1094419
1095064
1094494
1094567
1095015
1094905
1095146
1094497
1094408
1096380
1095903
1096298
1096393
1095748
1096388
1095985
1095585
1095728
1096014
1095625
1095937
1096087
1095911
1095516
1095739
1095851
1095586
1095683
1096120
1096238
1095984
1095534
1095843
1095884
1096361
1095912
1095687
1096385
1095690
1095696
1095913
1095376
1095828
1095747
1096378
1096236
1096387
1096317
1095684
1095643
1095623
1095923
1096074
1095692
1096299
1095509
1096368
1095831
1095844
1095733
1096076
1096384
1096551
1096401
1096760
1097221
1096699
1096749
1096694
1097272
1096443
1096780
1097094
1096421
1096916
1096912
1096837
1097186
1097483
1096472
1097243
1096854
1096512
1096473
1097010
1096573
1096766
1097113
1096748
1096843
1096788
1097297
1097005
1096667
1097151
1097216
1097108
1096718
1096442
1097006
1096704
1097367
1096692
1096944
1096550
1097152
1097114
1097404
1097080
1096960
1096739
1096740
1096417
1096934
1096915
1096959
1097074
1096618
1096514
1096406
1097093
1097296
1097214
1097824
1097602
1098383
1097885
1097857
1098224
1097678
1097879
1098292
1097718
1097840
1098668
1098035
1098326
1098032
1098560
1098517
1097826
1097827
1098516
1097565
1097562
1098580
1097632
1098440
1098099
1098325
1097724
1098671
1097558
1097994
1097884
1097673
1097856
1098689
1097862
1097774
1097741
1097672
1098198
1097748
1097897
1097932
1098386
1098688
1098279
1098168
1097776
1097601
1098709
1097631
1097682
1098220
1097676
1098529
1098077
1098526
1098355
1098382
1098513
1098075
1097828
1097896
1097841
1098357
1098385
1097743
1098071
1098376
1098705
1098867
1099374
1099174
1099316
1099620
1099406
1098881
1099688
1099015
1098822
1098955
1099221
1098860
1099651
1099421
1098819
1099336
1098936
1099538
1098833
1098937
1099222
1099181
1099854
1099086
1099615
1099088
1098874
1099846
1099376
1098808
1098908
1099309
1098846
1099315
1099777
1098895
1099426
1098859
1099741
1099161
1099653
1099128
1098854
1099256
1099428
1098754
1098903
1098832
1098952
1099016
1099405
1099821
1098848
1099140
1098856
1099837
1098905
1099129
1099210
1099257
1098813
1099424
1099589
1099462
1099717
1099980
1100998
1100297
1100023
1100164
1100066
1100258
1100411
1100055
1100824
1099985
1100699
1101003
1100656
1100458
1100652
1099940
1100987
1100179
1100988
1100681
1099986
1100082
1100051
1100170
1099981
1100022
1100346
1100033
1100702
1100211
1100576
1100670
1100068
1100204
1100031
1100216
1100409
1100457
1101010
1100528
1100938
1099906
1100943
1100739
1100536
1100575
1102099
1101129
1101158
1101206
1101171
1101252
1102003
1102102
1101581
1101633
1102114
1101327
1101970
1101471
1101130
1101464
1101065
1101253
1101344
1101347
1101698
1102105
1101307
1101787
1101180
1102006
1101451
1101782
1101636
1101196
1101423
1101422
1101714
1101622
1101296
1101329
1102111
1101312
1101785
1101612
1102098
1101204
1101788
1102249
1102376
1103248
1102504
1103151
1102830
1102193
1102563
1102754
1102518
1103140
1102557
1102255
1102546
1102155
1102503
1102294
1102968
1102629
1102711
1102176
1102946
1103183
1102786
1102957
1102664
1102477
1102721
1102371
1103181
1102573
1102915
1102296
1102691
1102648
1103071
1102939
1102320
1102244
1102974
1103003
1102931
1102969
1102743
1102710
1102913
1102175
1103155
1102785
1102204
1102923
1102467
1102243
1102377
1102542
1102644
1102372
1102925
1103007
1102999
1103013
1102202
1102831
1102248
1102943
1102572
1102631
1103340
1103936
1103931
1103337
1103657
1104088
1104031
1103446
1103449
1103977
1104222
1104365
1103777
1103935
1103535
1103643
1103928
1103566
1104264
1104353
1104382
1104381
1104282
1104184
1103654
1103656
1103537
1103419
1104390
1104260
1103443
1104391
1103269
1103921
1103552
1103778
1103273
1103862
1103684
1103418
1104000
1104201
1103713
1103665
1103685
1103938
1104168
1103861
1104198
1104030
1104344
1104340
1105091
1105425
1105326
1104476
1105197
1104733
1104556
1105499
1104596
1105399
1104708
1104621
1104703
1104957
1105086
1104706
1105204
1104774
1105172
1105057
1104977
1104578
1105362
1105471
1104398
1104432
1104600
1104702
1104555
1105156
1105198
1105437
1105283
1105479
1105459
1104409
1104475
1104728
1104564
1105354
1105369
1104526
1105295
1104803
1105455
1104579
1104510
1105498
1104695
1105274
1104610
1104635
1104527
1104773
1104652
1105458
1104570
1105107
1105152
1104565
1105105
1105059
1104623
1105023
1104692
1104605
1105442
1104637
1105282
1105923
1105957
1105531
1106688
1105850
1106005
1105534
1106105
1105567
1106065
1106424
1106227
1105695
1106230
1106359
1105964
1105961
1105795
1105694
1105999
1105975
1105851
1106360
1105898
1105967
1106067
1106362
1106673
1106001
1105990
1105589
1105573
1105779
1106689
1106669
1105577
1105988
1105624
1106003
1106429
1106671
1106495
1106122
1105585
1106662
1105781
1105901
1106497
1105721
1105977
1105620
1107522
1107410
1107728
1107519
1106962
1107037
1107846
1107226
1106863
1107264
1107813
1107774
1107837
1107524
1106745
1106964
1107834
1107467
1106840
1106718
1106787
1107166
1107392
1107163
1107419
1107381
1107036
1107402
1106748
1106796
1107270
1107399
1106760
1107573
1107265
1106860
1106969
1107851
1107346
1107311
1107775
1107576
1107630
1107285
1107657
1106788
1107277
1107511
1107081
1107653
1107783
1107488
1107271
1107280
1106746
1106750
1107520
1107412
1107078
1107312
1107380
1107860
1108612
1108562
1108520
1107958
1107991
1108062
1108128
1108064
1107944
1107945
1108752
1108076
1108531
1108826
1108194
1108522
1108178
1108613
1108197
1108563
1108054
1108533
1108201
1108146
1108504
1108330
1108729
1108785
1108598
1108351
1107975
1108056
1107956
1108077
1108844
1108281
1108945
1108828
1107881
1108944
1108661
1108176
1108134
1108160
1107974
1108183
1108787
1108505
1108073
1107990
1110085
1109108
1110077
1109641
1109471
1109659
1109848
1109111
1109376
1109476
1109773
1109269
1109701
1110099
1109912
1109054
1109700
1109051
1109289
1109378
1110102
1109648
1109109
1109989
1109295
1109846
1109280
1109369
1109640
1109919
1109780
1109577
1110071
1109425
1109982
1109396
1110013
1109934
1109825
1110078
1109395
1109652
1109915
1108991
1109278
1109799
1109372
1109529
1110070
1110629
1110923
1110240
1111210
1110500
1110201
1110343
1110762
1110809
1110145
1110843
1110476
1110503
1111163
1110823
1110808
1111182
1110572
1110929
1110199
1110275
1110631
1110840
1111174
1110667
1110810
1110649
1110852
1111186
1110822
1110475
1110420
1110573
1110242
1110881
1110325
1110646
1110818
1111172
1110639
1111211
1110763
1110501
1111020
1110834
1110426
1111379
1111745
1111612
1112223
1112343
1112042
1112340
1111297
1112238
1111969
1111666
1111342
1111809
1112006
1111408
1111558
1112372
1111808
1111746
1111409
1112050
1111302
1111968
1111925
1112341
1111634
1112344
1111353
1112225
1111400
1111609
1111275
1111724
1111840
1111755
1111341
1111426
1111728
1111323
1112314
1111382
1111988
1111785
1111352
1112302
1111447
1112091
1112237
1111632
1111667
1112128
1111399
1111931
1112031
1111416
1112023
1111421
1112063
1111304
1112373
1111290
1111756
1111775
1112153
1112739
1112920
1112714
1113479
1113163
1112528
1112725
1112709
1112642
1112992
1113366
1113362
1112741
1112519
1112690
1113339
1112916
1112396
1112837
1112652
1112475
1112426
1113443
1112455
1113478
1113173
1113246
1112718
1112471
1112609
1112747
1112505
1113150
1113460
1112731
1112692
1113482
1113266
1113262
1112632
1113153
1113356
1113442
1112549
1113337
1113002
1113352
1112914
1112835
1112721
1113209
1113162
1113049
1112788
1112638
1112849
1113241
1112517
1112550
1112509
1112851
1112908
1112808
1113171
1112905
1112476
1113051
1112470
1113154
1113859
1113894
1113735
1114253
1114526
1114168
1114180
1113737
1114586
1114346
1113742
1114128
1114660
1113750
1114502
1114319
1114597
1114454
1114584
1113632
1113502
1114162
1114447
1114348
1113893
1113627
1114619
1114352
1114170
1114024
1113990
1114661
1113560
1113987
1114437
1114628
1113986
1113858
1114617
1114598
1113966
1114403
1114501
1113752
1113562
1114130
1114446
1114200
1114202
1114435
1114255
1115634
1115013
1115509
1115518
1114914
1114695
1115521
1115251
1114749
1114712
1114689
1115506
1115034
1115252
1114976
1115514
1114835
1115360
1115015
1115103
1114706
1115500
1115508
1115273
1115447
1115118
1114877
1114989
1115290
1115274
1115105
1114837
1115224
1114685
1115282
1115338
1114781
1115510
1115035
1114913
1115361
1115748
1115241
1115527
1115502
1114782
1115242
1115442
1114774
1115513
1115285
1114876
1115718
1114988
1116456
1116076
1116642
1116274
1116245
1116389
1116282
1115818
1115768
1115946
1116382
1116585
1116847
1116368
1116141
1116560
1116342
1116624
1115766
1116273
1115945
1115889
1116488
1115789
1116554
1115874
1116569
1116783
1115875
1116243
1115941
1116206
1116355
1116161
1116455
1116203
1116845
1116850
1116578
1116314
1116828
1115772
1116134
1116669
1116682
1116643
1116163
1116142
1116647
1116834
1116638
1116077
1115940
1116854
1116504
1116280
1116884
1118047
1117767
1118050
1117213
1117352
1117403
1117005
1117188
1117927
1117369
1117319
1117799
1116964
1117790
1117839
1117076
1117812
1117815
1116895
1117296
1117766
1117610
1117926
1117349
1117362
1117783
1118028
1117040
1117006
1117401
1116952
1117622
1117786
1117967
1117904
1118004
1117298
1117978
1118006
1117553
1116885
1117063
1117775
1117066
1117039
1117189
1117995
1116965
1117363
1118029
1117993
1117844
1117875
1118049
1118033
1117467
1117214
1117977
1117056
1117320
1117620
1116953
1119012
1118711
1119071
1118387
1118759
1118561
1118113
1118165
1118840
1118269
1118554
1119104
1118707
1118569
1118266
1118872
1118183
1118280
1119139
1118240
1118166
1118683
1118324
1118488
1119162
1118758
1119108
1119147
1118948
1118112
1119159
1118105
1118274
1119044
1118952
1119013
1118414
1118276
1119015
1119154
1118479
1118750
1119148
1118947
1118838
1118103
1118550
1118070
1118459
1118835
1118388
1118238
1118799
1119126
1118444
1118957
1118491
1118977
1118490
1118415
1118327
1118071
1118562
1119919
1119762
1119719
1119667
1119511
1120065
1119821
1119883
1119559
1120105
1119875
1120245
1119348
1119646
1120314
1119827
1119884
1119665
1119720
1119644
1120164
1120263
1120255
1119525
1120137
1119753
1119835
1119757
1119737
1119266
1120312
1119904
1119906
1119837
1119543
1119291
1119864
1120321
1119973
1119345
1119810
1119226
1120034
1120146
1119491
1120037
1119828
1119288
1119733
1119766
1120151
1119544
1120250
1119548
1120953
1120352
1120356
1121186
1121440
1120948
1120767
1121271
1120347
1120891
1120741
1120807
1121041
1120564
1120736
1120765
1120947
1120383
1121306
1121175
1120801
1121005
1120453
1121314
1121180
1120475
1120858
1120743
1121218
1121249
1121171
1120890
1121033
1120851
1120735
1121106
1121380
1121006
1121441
1121220
1120984
1121032
1121316
1120629
1120859
1120385
1121132
1121111
1120562
1121158
1121304
1121039
1121103
1121089
1120803
1120425
1120627
1120474
1121452
1120455
1120992
1121217
1122188
1122332
1122389
1122005
1122594
1122521
1121598
1122049
1122079
1121601
1122200
1121667
1121807
1121733
1122512
1121769
1122147
1121892
1122176
1121786
1121735
1121947
1121533
1121502
1121531
1122014
1121864
1122511
1122488
1122419
1122390
1121869
1121796
1122313
1121894
1122218
1121656
1122329
1122023
1121677
1121597
1121613
1121962
1122080
1122593
1121787
1121865
1122248
1122245
1122595
1122242
1121612
1122282
1122197
1122375
1122016
1122444
1121658
1122312
1121753
1122053
1122280
1121541
1121507
1123468
1123685
1122673
1123113
1122671
1123660
1123043
1122937
1122742
1123648
1122991
1123489
1123271
1122990
1123622
1123416
1123661
1123264
1123424
1122654
1123658
1122925
1123537
1122922
1123686
1123119
1123585
1123533
1122865
1123667
1123188
1123262
1123425
1122806
1122888
1122885
1122786
1122798
1122661
1123670
1123643
1123417
1123490
1122851
1122924
1122916
1123109
1122822
1123022
1123122
1122936
1123020
1122737
1122852
1122621
1122863
1123183
1123083
1122820
1122788
1124401
1124021
1124124
1123945
1124649
1124485
1124037
1124448
1124157
1124672
1123855
1124509
1124343
1124773
1124721
1124009
1124361
1124158
1124601
1124781
1124355
1124420
1124223
1123944
1123819
1124487
1124789
1123888
1124447
1124614
1123975
1124275
1123818
1123768
1123978
1124616
1124393
1124666
1124565
1124776
1124598
1124413
1124126
1124532
1124505
1124008
1123981
1124025
1124602
1124784
1124277
1124652
1124415
1123902
1125498
1125949
1125004
1125606
1125817
1125020
1124964
1125366
1125074
1125879
1125731
1125638
1125601
1125301
1125789
1125854
1125299
1125599
1124835
1125824
1125905
1125441
1125359
1125476
1125782
1125931
1125071
1125701
1125870
1125604
1125018
1125393
1125705
1125925
1125906
1125918
1124951
1125631
1125947
1125234
1125009
1125282
1125683
1125930
1125526
1125880
1125392
1125494
1125016
1125448
1125632
1126185
1126770
1127012
1125984
1126000
1126902
1126164
1126841
1126148
1126173
1126511
1127040
1127074
1127019
1125973
1127036
1126521
1126928
1125981
1127034
1126345
1126904
1126162
1127014
1126658
1126122
1126897
1126512
1126842
1126908
1126154
1126913
1126659
1125957
1126768
1126926
1126645
1126519
1127041
1126172
1126160
1126177
1127013
1126820
1126168
1126348
1127765
1127441
1128135
1127782
1127496
1128218
1127959
1127152
1127113
1127757
1127808
1127268
1128170
1127938
1127679
1127592
1128134
1128166
1127445
1127403
1127743
1128006
1127872
1128036
1127739
1127491
1127311
1127830
1128092
1127309
1127993
1127627
1127770
1127465
1127341
1127767
1127269
1127330
1127809
1128060
1128033
1128021
1127144
1127464
1127642
1127758
1127778
1127342
1127130
1127402
1127742
1128008
1128089
1127447
1128038
1127331
1128220
1128704
1129273
1128523
1129109
1129302
1129070
1129191
1128314
1128312
1128366
1129036
1129151
1128509
1129100
1128435
1128522
1129123
1128336
1129259
1129108
1128283
1128721
1129080
1129124
1128473
1128247
1129027
1128275
1128541
1128334
1128885
1129271
1128676
1128364
1128881
1129047
1129099
1129300
1129103
1128287
1129265
1128677
1128278
1129192
1129258
1128703
1128276
1128883
1129006
1128859
1128706
1129062
1128285
1128472
1130251
1129664
1129971
1130397
1129733
1129661
1130189
1129468
1129459
1129424
1129973
1130223
1129968
1129390
1129555
1129433
1130182
1129781
1129350
1129429
1130277
1129326
1130077
1130350
1130115
1129613
1129458
1129975
1130260
1129764
1129647
1129988
1129375
1129708
1130062
1129783
1129461
1129807
1129649
1130096
1129799
1130381
1129660
1129397
1129596
1130250
1130070
1129434
1130820
1131370
1130817
1131505
1130537
1130839
1130663
1131478
1130955
1130844
1131181
1130598
1130850
1131184
1130882
1131472
1131374
1130828
1130842
1131362
1130693
1130954
1131467
1131405
1131369
1130977
1131517
1131010
1130722
1131468
1130590
1130725
1130587
1131455
1131069
1130860
1130592
1130674
1131074
1130812
1130662
1130827
1130972
1130975
1130672
1130634
1131204
1130407
1130690
1131212
1130538
1130721
1131974
1131863
1131653
1131656
1132404
1131998
1132255
1131871
1131969
1131996
1132603
1132116
1131683
1132016
1131583
1132356
1131586
1131604
1132235
1132694
1131983
1132228
1132390
1132519
1132340
1131991
1132602
1132200
1132357
1131590
1131808
1131750
1131602
1132175
1131882
1131811
1131975
1131622
1132199
1132306
1132402
1131589
1132458
1131565
1132515
1131966
1132178
1131994
1131879
1131981
1131743
1132457
1132181
1131680
1131684
1132194
1131872
1132114
1131675
1131575
1132363
1132307
1131767
1131624
1131959
1132176
1132617
1132988
1133686
1133040
1133734
1133199
1132760
1133639
1133412
1132895
1133530
1133459
1132784
1132798
1133212
1133362
1132863
1133056
1132992
1132893
1133516
1133011
1133731
1133298
1133184
1133110
1133344
1133541
1133640
1132807
1133258
1132865
1133617
1133704
1132761
1132715
1133523
1133375
1133183
1132823
1133566
1133214
1133114
1133148
1133036
1133538
1133342
1133055
1133733
1133514
1133607
1133010
1132891
