143
272
159
429
605
251
21
235
447
424
154
591
495
115
335
584
105
74
532
372
452
122
446
79
616
589
85
561
465
351
575
471
606
107
163
283
337
496
577
403
116
467
87
78
588
618
70
580
236
607
428
158
413
193
106
33
336
150
420
86
466
117
576
497
617
383
445
541
237
407
573
463
83
613
386
270
36
333
278
196
416
103
167
287
450
120
370
233
128
458
493
406
378
113
387
37
538
145
603
530
286
166
417
197
385
51
221
459
129
379
534
582
443
72
511
195
415
374
454
124
539
147
35
501
405
274
285
321
165
171
279
146
152
422
215
95
254
24
599
305
540
502
47
135
548
525
421
151
594
259
29
172
322
243
71
485
581
65
569
359
479
46
222
343
52
315
205
474
354
564
512
136
350
560
470
568
358
306
478
393
67
487
3
216
96
263
183
207
526
317
590
549
137
45
598
307
553
363
97
217
486
66
544
250
20
433
206
293
13
258
28
316
527
267
187
16
296
203
328
313
178
436
320
170
556
366
508
397
542
63
483
7
500
345
297
17
186
266
518
523
245
510
437
396
303
367
557
93
213
6
228
58
133
220
50
531
435
247
54
224
519
15
295
472
43
562
352
346
514
229
59
555
451
365
121
371
252
22
246
329
179
271
504
185
265
592
347
5
174
324
395
509
8
226
56
473
507
398
563
42
353
0
390
349
177
516
327
188
268
344
180
260
227
57
368
558
506
593
360
550
244
430
326
176
517
23
253
298
18
438
141
249
10
290
482
62
543
434
294
14
559
369
381
55
225
248
31
312
439
202
240
554
364
19
299
411
515
191
92
212
348
302
264
399
184
340
505
401
9
132
522
189
394
269
281
325
161
175
4
304
601
255
25
94
214
529
134
182
262
111
595
491
309
40
524
219
99
139
547
2
48
231
392
209
432
64
484
319
101
331
292
12
81
565
355
461
571
475
204
611
314
489
69
546
552
362
310
200
318
173
323
242
208
256
26
480
60
488
68
596
503
477
567
357
520
44
528
513
27
257
49
210
90
138
545
300
441
53
223
342
98
218
130
356
566
597
476
308
280
536
160
288
168
277
341
400
442
583
73
126
456
376
408
190
410
149
537
241
38
198
418
153
423
276
30
144
380
388
614
377
127
457
332
291
11
419
199
384
140
102
39
431
535
148
361
551
455
125
375
414
194
389
34
612
572
82
462
275
404
181
261
289
169
602
232
391
409
1
164
284
492
112
131
448
402
239
119
604
499
301
440
211
91
282
162
234
609
494
114
521
425
155
382
334
89
469
579
75
104
481
585
61
412
192
339
201
574
464
84
32
311
109
615
619
587
77
88
468
578
610
80
460
570
330
156
426
108
142
273
338
100
76
230
586
498
118
373
123
453
41
238
110
490
449
427
157
608
533
444
600
