143 606
143 403
143 143
272 273
159 159
429 431
605 611
251 253
21 21
235 236
447 451
447 448
447 453
447 449
424 431
424 425
154 154
591 601
495 499
115 117
335 336
584 585
105 108
74 75
74 109
532 533
372 373
452 617
452 454
122 406
122 405
122 410
122 122
446 448
446 453
446 449
79 122
79 327
79 409
79 79
616 617
589 590
85 86
561 562
561 567
465 604
465 469
351 352
351 353
575 581
471 473
471 609
606 607
107 108
163 164
283 289
337 340
337 339
496 584
496 497
496 501
496 504
496 572
577 580
403 406
403 405
403 408
403 410
116 117
467 582
467 468
87 437
87 304
87 87
78 79
78 484
588 589
618 619
70 76
580 581
236 237
236 239
607 608
428 429
158 158
413 416
413 423
193 200
193 194
106 108
33 104
33 33
336 337
150 152
420 421
86 87
86 121
466 469
117 118
576 581
497 506
497 499
617 617
383 385
445 451
445 448
445 453
445 449
541 543
541 595
237 238
407 430
407 412
573 580
573 574
463 465
83 86
613 613
386 389
270 271
36 37
333 334
278 279
196 197
196 199
416 424
416 428
416 426
103 103
167 170
287 288
450 455
120 594
120 598
120 597
120 144
120 120
370 373
233 238
128 532
128 129
128 500
128 411
128 334
458 459
493 495
493 498
493 533
406 407
378 380
113 116
113 114
387 388
37 59
37 40
37 39
538 540
538 594
538 598
538 597
145 147
603 604
530 556
286 288
166 167
417 424
417 426
197 198
385 390
385 399
51 52
221 222
221 229
459 564
459 568
459 517
459 537
459 462
129 407
129 508
129 129
379 380
534 556
582 585
443 447
443 444
72 75
72 109
511 521
195 197
195 199
415 416
415 443
415 418
374 386
374 375
454 455
124 128
539 540
539 594
539 598
539 597
147 153
147 414
35 59
35 40
35 39
501 502
405 407
274 275
285 288
321 463
321 322
165 165
171 177
279 299
146 147
152 153
152 414
422 423
215 216
215 217
95 96
254 333
254 303
254 329
254 327
254 326
254 304
254 255
254 256
254 300
254 342
254 341
254 276
254 301
254 334
254 330
24 25
599 600
305 306
305 522
305 546
540 541
502 505
47 48
135 136
135 494
548 549
548 552
525 526
525 527
421 422
421 441
151 152
594 595
259 260
29 29
172 173
322 323
243 244
71 78
71 72
71 124
71 135
71 558
71 141
71 362
71 112
71 91
485 486
581 591
65 116
65 66
65 114
569 575
569 576
569 570
359 360
479 482
46 48
222 226
343 351
52 378
52 308
52 376
52 52
315 319
315 464
205 206
205 208
474 475
354 354
564 566
512 514
136 137
136 404
136 330
350 351
560 561
470 471
470 606
470 604
568 569
358 368
306 323
478 582
478 539
478 548
478 483
393 394
67 68
487 527
487 510
487 531
487 535
3 3
216 229
216 219
216 223
96 101
263 264
263 376
183 184
207 208
526 530
317 318
590 591
549 550
137 403
137 137
45 287
45 286
45 166
45 243
45 46
45 316
45 313
45 345
45 58
45 247
45 346
45 62
45 392
45 49
45 168
45 391
598 599
307 308
553 554
363 371
363 364
363 402
97 99
217 229
217 219
217 223
486 511
486 487
486 542
66 133
66 69
66 130
66 84
544 547
250 251
250 604
20 21
433 433
206 209
206 211
293 539
293 294
293 537
13 26
13 13
258 259
258 261
28 29
28 28
316 318
527 529
267 273
187 188
16 16
296 298
203 203
328 337
313 315
178 179
436 438
436 440
320 322
170 272
170 171
170 381
170 388
556 602
366 367
366 439
508 509
397 400
542 593
542 543
63 496
63 512
63 516
63 64
63 477
63 513
63 476
63 457
63 375
63 481
483 487
483 542
7 7
500 501
500 504
345 347
297 538
297 298
17 17
186 188
266 273
518 519
523 524
523 565
523 571
245 246
510 526
437 438
437 440
396 400
303 304
367 413
367 368
367 440
557 559
93 95
213 214
6 6
228 231
228 232
58 63
133 135
133 490
220 221
220 227
220 225
50 51
531 534
435 450
247 248
54 55
224 225
519 521
15 26
15 15
295 298
472 473
472 609
43 44
43 460
562 566
352 354
352 355
346 347
514 588
514 569
514 519
514 546
514 579
229 231
229 232
59 61
555 556
451 452
365 366
121 525
121 549
121 436
121 552
121 545
121 156
121 121
371 372
252 253
22 22
246 248
329 330
179 181
271 272
504 505
185 186
265 267
265 266
265 524
265 546
592 600
347 471
347 348
347 394
5 5
174 176
174 175
324 325
324 356
395 396
395 398
509 534
509 527
509 510
509 535
8 24
8 8
226 228
56 57
473 475
473 608
507 532
507 508
398 399
563 564
563 568
42 43
353 354
353 355
0 0
390 396
349 350
349 472
177 177
516 564
516 568
516 517
516 537
327 328
188 191
268 271
344 348
180 181
260 262
227 228
57 58
368 370
368 369
558 559
506 534
506 508
593 600
360 363
360 365
550 553
550 555
550 592
244 249
430 447
430 431
326 327
176 177
517 519
517 522
517 546
23 23
253 275
298 299
18 18
438 439
141 142
249 466
249 374
249 250
249 469
10 24
10 10
290 299
482 538
482 483
62 63
543 554
434 434
294 299
14 26
14 14
559 562
559 567
369 370
381 384
381 382
55 58
225 226
248 249
31 32
312 320
439 441
439 442
202 616
202 618
202 203
240 240
554 556
364 367
364 439
19 19
299 324
411 430
411 412
515 519
191 193
191 195
92 541
92 120
92 436
92 281
92 92
212 214
348 350
302 323
264 267
264 266
399 400
184 186
184 189
340 351
505 509
401 401
9 24
9 9
132 136
132 494
522 525
189 190
394 395
269 271
281 296
281 290
325 354
161 161
175 177
4 4
304 306
601 602
255 256
25 28
25 30
94 95
214 615
214 214
529 530
134 135
134 490
182 198
262 264
111 558
111 112
595 600
491 493
309 310
40 44
40 460
524 548
524 525
219 222
219 226
99 100
139 142
547 550
2 2
48 52
231 233
231 239
392 393
209 212
432 433
432 434
64 386
64 292
64 64
484 486
319 463
319 374
319 320
101 366
101 102
101 585
331 332
292 294
12 26
12 12
81 87
81 121
565 566
355 356
461 478
461 523
461 514
461 462
571 573
475 602
204 206
204 208
611 612
314 315
489 493
69 70
69 145
69 359
69 96
69 111
69 90
69 138
69 140
69 361
69 77
69 88
69 80
69 110
546 547
552 553
552 555
552 592
362 363
362 365
310 323
200 201
318 319
318 464
173 379
173 174
173 377
323 324
242 251
208 209
256 274
256 257
26 27
480 512
480 513
480 481
60 61
488 489
68 133
68 69
68 130
68 84
596 599
503 504
477 478
567 569
357 358
520 525
520 547
520 521
44 378
44 263
44 44
528 529
513 514
27 28
27 31
257 275
49 51
210 211
90 91
138 139
545 547
300 301
441 447
441 444
53 58
223 227
223 225
342 343
98 99
218 224
218 229
218 227
218 219
130 132
130 488
356 356
566 575
566 576
566 574
597 599
476 478
308 310
280 281
536 538
160 161
160 162
288 395
288 289
168 169
277 278
341 342
400 616
400 401
400 619
442 443
583 584
73 74
126 127
456 496
456 512
456 516
456 477
456 513
456 476
456 457
456 481
376 377
408 409
190 191
410 411
149 150
537 538
241 272
241 251
241 283
241 307
241 320
241 271
241 344
241 348
241 292
241 242
241 308
241 291
241 311
38 286
38 51
38 172
38 393
38 59
38 347
38 62
38 318
38 288
38 39
38 169
38 284
198 202
418 422
418 441
153 154
153 573
153 161
153 256
153 357
153 162
153 155
423 424
423 428
423 426
276 277
30 32
144 154
144 155
380 387
380 384
380 382
388 389
614 614
377 387
377 384
377 382
127 128
457 459
457 479
457 523
332 337
291 292
11 24
11 11
419 421
199 201
384 385
140 141
102 103
102 364
102 164
102 301
39 44
39 460
431 432
535 593
535 543
148 150
361 362
551 553
551 555
455 455
125 127
375 385
414 415
414 419
414 579
414 587
194 198
389 390
389 399
34 35
612 613
572 573
572 578
82 83
462 465
462 466
462 470
462 472
462 475
462 468
462 610
275 324
404 406
404 405
404 408
404 410
181 182
181 201
261 262
289 295
289 290
169 170
602 613
232 233
232 239
391 393
409 411
1 1
164 165
164 164
284 285
492 493
112 561
112 119
112 157
131 132
131 488
448 450
448 619
402 433
402 434
239 240
239 615
119 278
119 415
119 119
604 605
499 509
499 533
301 302
440 441
440 442
211 212
91 437
91 92
282 295
282 290
162 163
162 413
234 235
609 610
494 495
494 498
114 118
521 526
521 527
425 427
155 155
382 383
382 389
334 336
89 437
89 92
469 475
469 609
469 608
579 580
75 95
75 360
75 132
75 99
75 139
75 81
75 114
75 89
75 76
104 104
481 482
481 524
481 565
481 571
585 589
585 586
61 63
412 445
412 427
192 193
339 351
201 202
574 591
464 465
464 610
84 150
84 86
84 124
84 127
32 33
32 615
32 108
311 312
109 117
109 128
109 145
109 152
109 489
109 110
615 616
615 618
619 619
587 588
77 78
88 89
468 603
468 469
578 588
578 579
610 611
80 81
460 496
460 564
460 568
460 517
460 482
460 461
460 537
570 574
330 332
156 159
156 158
426 427
108 108
142 143
142 474
142 342
142 404
273 275
338 340
338 339
100 101
76 79
76 484
230 231
230 232
586 590
498 499
118 561
118 557
118 119
118 157
373 373
123 124
453 617
453 454
41 42
238 240
238 615
110 559
110 112
490 491
449 450
449 619
427 432
157 159
157 158
157 419
608 611
533 534
444 445
600 601
