430
47
357
603
314
12
255
145
370
484
675
18
129
805
575
459
703
490
443
46
873
503
223
356
775
211
884
50
209
529
645
175
393
340
261
729
830
99
103
77
62
745
39
890
843
76
68
473
545
629
859
333
405
364
732
701
186
769
738
905
119
213
692
501
221
532
871
538
441
698
569
632
601
324
592
669
598
638
85
792
28
22
187
798
471
841
192
4
198
787
294
302
331
587
619
308
686
263
391
234
586
519
687
132
101
138
719
786
280
169
530
643
690
7
784
395
173
279
730
297
236
584
105
659
829
919
743
296
237
790
475
845
559
20
684
590
543
630
6
403
335
759
300
429
81
605
159
249
190
143
253
326
673
130
803
327
901
288
705
282
573
875
445
184
773
225
505
887
372
10
378
741
366
401
432
438
541
469
74
171
492
265
498
641
886
819
367
571
838
44
869
354
903
801
832
317
348
771
215
52
487
342
58
486
83
419
898
60
671
389
141
251
892
316
927
301
332
817
80
624
854
369
338
191
842
472
848
63
466
478
34
131
102
724
900
467
94
108
926
204
524
392
816
889
398
448
866
878
502
222
531
691
387
442
872
508
228
124
285
731
702
417
708
454
791
13
416
489
21
591
867
631
602
608
319
386
570
757
164
133
800
714
239
268
276
770
262
656
826
495
514
916
557
299
277
657
827
435
917
614
303
556
61
670
140
250
756
375
9
193
895
426
23
11
793
740
156
246
329
400
540
633
664
593
170
218
345
212
55
693
564
533
640
427
835
733
114
157
247
764
51
772
116
260
189
766
778
341
283
572
808
578
802
566
831
667
148
258
672
891
567
142
252
666
15
678
424
117
154
244
767
548
402
431
754
167
542
408
717
371
748
742
517
689
65
616
554
274
654
824
516
914
589
617
491
648
172
789
642
166
178
210
716
840
470
25
893
795
384
82
127
330
595
414
88
635
457
126
343
390
535
695
53
456
49
864
902
833
100
281
908
735
359
206
924
526
814
700
627
857
135
726
500
220
440
870
37
96
493
600
727
305
464
79
433
36
97
207
527
626
856
195
373
92
728
585
860
722
104
98
528
208
883
785
394
522
231
202
410
858
628
852
622
363
291
334
32
1
380
69
474
844
38
685
19
483
86
460
313
604
321
907
874
444
185
224
906
504
452
128
704
810
920
458
87
122
612
293
240
150
361
746
420
309
618
75
546
647
177
199
3
406
712
547
162
646
176
168
718
407
139
233
512
264
747
881
518
257
147
806
562
214
568
576
699
677
539
762
910
820
650
112
45
118
355
739
776
768
270
481
29
550
799
777
750
256
662
323
146
807
311
639
577
599
668
676
254
144
217
485
674
242
152
428
610
248
158
422
315
510
774
183
160
289
351
710
804
216
574
41
110
912
760
822
266
652
278
918
828
272
658
583
885
560
644
174
783
544
752
660
71
758
404
365
552
267
744
683
558
181
349
706
520
200
59
868
876
43
446
90
839
607
226
904
353
506
862
720
877
447
382
899
30
606
227
507
388
412
325
707
418
850
620
84
295
462
73
476
468
846
107
439
681
379
5
397
336
581
818
450
120
812
396
337
922
781
235
477
847
106
499
111
346
761
123
453
56
709
897
836
561
879
449
229
509
896
425
312
837
661
70
318
609
155
245
347
482
57
488
14
497
33
436
479
64
849
555
853
623
362
611
339
755
368
376
888
511
523
203
399
377
882
350
161
723
275
711
109
655
825
93
496
437
915
40
287
328
594
322
663
415
634
680
24
385
794
865
580
451
763
121
113
734
219
286
780
534
563
694
180
269
238
232
521
201
513
925
815
91
713
134
163
721
31
2
194
8
298
304
613
465
292
851
621
682
749
553
306
688
35
461
625
549
855
196
409
137
753
320
205
649
525
782
197
136
179
788
273
725
582
307
921
588
811
913
95
823
653
125
809
284
597
536
861
637
579
696
455
182
27
779
188
797
230
736
411
26
423
243
153
796
737
290
0
381
259
149
596
679
537
636
697
494
515
67
821
651
911
813
923
165
271
715
480
551
374
72
751
310
434
78
615
463
66
360
241
151
421
89
16
665
413
894
383
834
352
863
48
909
358
42
115
765
344
54
565
880
17
