430 490
47 50
47 279
47 326
47 329
47 126
47 155
357 420
357 358
603 612
314 316
12 22
12 101
12 237
12 445
12 74
12 80
12 13
12 170
12 431
12 166
12 373
12 224
12 240
12 177
12 577
12 439
12 245
12 287
12 243
12 67
255 257
145 146
370 371
370 870
484 485
484 828
484 520
675 676
18 173
18 19
129 143
129 130
805 807
575 583
459 460
703 704
490 905
490 858
490 490
443 592
443 584
443 838
443 714
443 464
443 818
443 812
443 449
46 190
46 58
46 114
46 163
873 893
873 874
503 506
223 331
223 224
356 357
775 776
211 213
211 212
884 886
50 54
209 213
209 212
529 531
645 646
175 176
175 180
393 643
393 690
393 395
393 622
393 646
393 625
340 343
261 267
729 731
729 752
729 734
729 753
830 921
830 861
830 830
99 817
99 100
99 298
103 127
103 104
103 518
103 822
103 106
103 661
103 437
103 588
77 294
77 79
62 86
62 64
62 93
62 89
745 746
745 758
39 43
39 479
890 891
843 844
76 84
68 703
68 845
68 171
68 172
68 69
68 820
68 662
68 581
68 449
68 580
68 515
473 833
473 474
473 710
473 822
545 800
545 783
545 553
629 631
859 861
333 334
333 337
405 408
364 529
364 560
364 365
732 733
701 702
186 189
769 774
738 743
738 740
738 747
738 739
905 920
905 910
119 492
119 124
119 567
119 493
119 365
119 737
213 251
213 214
692 693
501 773
501 502
221 227
532 793
532 533
532 795
871 872
538 539
441 460
698 699
569 570
632 633
632 853
601 602
324 325
592 594
669 670
598 599
638 690
638 639
85 87
792 794
28 29
22 27
187 188
798 801
798 802
471 472
841 842
192 338
192 193
192 431
192 270
192 286
192 411
4 5
198 199
787 788
294 295
302 564
302 355
302 351
302 312
331 332
331 337
587 590
619 640
619 717
619 689
619 642
619 622
619 637
308 410
308 309
308 411
686 687
263 264
391 645
391 392
234 235
586 590
519 730
519 566
519 727
519 520
519 736
687 691
132 133
101 102
101 133
101 293
138 139
719 721
786 787
786 789
280 301
280 281
169 841
169 773
169 469
169 170
169 666
169 589
169 206
169 504
169 177
169 710
530 531
643 695
643 644
643 688
690 691
7 819
7 514
7 9
7 172
7 580
784 788
395 640
395 689
395 642
395 396
173 175
279 280
730 741
730 731
730 748
730 752
730 734
730 753
730 751
297 299
297 304
236 277
236 526
236 388
584 585
105 107
659 660
829 830
829 865
919 919
743 746
296 299
296 304
237 238
790 791
475 487
845 846
559 739
559 561
20 22
20 401
20 581
684 859
684 685
684 907
590 601
543 545
630 631
6 9
403 404
335 340
335 410
335 336
759 764
300 301
429 430
81 83
81 82
605 612
159 162
249 250
190 191
143 150
143 144
143 151
253 268
253 260
253 259
326 328
673 674
130 139
803 805
327 328
901 903
901 908
901 906
901 904
288 316
288 290
705 707
282 285
282 283
573 574
875 887
875 876
445 446
445 455
184 185
184 194
184 188
773 774
225 227
505 506
887 889
887 917
887 924
372 526
372 380
10 14
378 530
378 524
378 387
378 416
378 567
378 491
378 528
378 394
378 522
378 420
378 560
378 379
378 415
378 737
378 383
741 742
741 750
366 367
401 402
432 442
432 433
438 446
438 439
541 543
541 744
541 558
469 471
74 104
74 75
74 183
171 176
492 519
492 494
265 266
498 592
498 657
498 499
641 642
886 891
819 841
819 823
367 369
571 572
838 839
44 46
44 60
44 160
869 871
354 356
354 563
903 905
801 803
801 808
801 881
801 806
832 837
317 318
348 350
771 774
215 234
215 231
215 216
215 232
215 230
215 411
52 77
52 217
52 54
487 489
342 343
58 62
58 63
486 675
486 605
486 487
486 699
83 84
419 681
419 496
419 423
898 899
60 129
60 61
60 115
671 672
389 390
389 646
141 142
251 333
251 252
892 915
892 913
892 911
892 894
316 318
927 927
301 302
301 407
332 335
817 818
80 81
624 630
624 627
854 856
369 370
369 572
369 726
338 339
338 352
191 193
842 844
472 475
848 850
63 86
63 64
63 93
63 89
466 817
466 467
466 712
466 706
466 811
466 596
478 479
34 333
34 204
34 254
34 35
131 133
102 105
724 725
900 901
467 472
94 364
94 530
94 95
108 166
108 110
108 306
926 927
204 207
524 525
392 692
392 719
392 618
392 647
392 720
392 396
392 696
816 826
889 890
889 913
398 401
398 400
398 427
398 682
448 453
448 449
866 866
878 891
502 703
502 506
222 225
222 226
531 730
531 543
531 728
531 568
531 552
531 736
691 854
691 693
387 388
442 443
442 835
442 772
442 500
442 652
442 706
442 507
442 761
442 665
872 873
872 875
508 509
228 236
228 346
124 201
285 308
285 300
285 286
285 310
731 733
702 707
417 418
708 709
454 457
454 455
791 792
791 795
13 23
13 14
416 418
489 490
21 22
21 222
21 23
21 577
21 476
21 72
591 592
591 708
867 872
631 632
631 852
631 634
602 603
608 609
319 321
386 686
386 392
386 637
570 798
570 573
757 779
164 185
164 188
133 134
800 801
800 802
714 715
239 240
268 410
268 269
276 372
276 348
276 277
276 394
276 381
276 565
770 771
262 263
262 265
262 317
262 456
262 833
262 504
262 820
262 315
262 710
656 657
826 827
495 496
514 516
916 917
557 744
557 558
299 302
277 345
277 418
657 658
827 828
435 454
435 450
435 436
917 918
614 615
303 304
556 574
61 62
61 63
670 672
140 793
140 142
140 795
140 151
250 267
756 780
375 376
9 10
193 198
193 195
193 361
193 360
895 896
426 427
426 636
23 397
23 477
23 24
11 575
11 282
11 44
11 13
11 373
793 794
740 742
740 750
156 158
246 249
246 247
246 272
329 331
400 401
540 541
540 542
540 550
633 635
664 667
593 595
593 594
170 171
218 324
218 303
218 341
218 266
218 219
218 298
345 345
212 333
212 215
212 268
212 260
212 259
55 56
693 898
693 697
564 566
533 548
533 539
533 534
533 536
640 644
640 694
427 603
427 827
427 678
427 716
427 428
427 497
835 837
733 869
733 735
114 143
114 130
114 116
114 162
157 158
247 274
247 248
764 776
51 54
772 774
116 119
116 122
116 118
116 120
260 261
260 406
260 270
260 412
189 366
189 548
189 199
766 838
766 810
766 768
778 779
341 614
341 343
283 301
283 284
572 573
808 829
808 879
808 882
578 579
802 803
802 808
802 881
802 806
566 743
566 567
831 846
667 668
148 790
148 149
258 268
258 260
258 259
672 673
891 912
567 732
567 568
567 752
567 734
567 753
142 145
142 148
252 253
666 667
15 16
15 17
678 684
424 424
117 150
117 118
117 476
117 336
117 269
154 784
154 200
244 249
244 247
767 843
767 810
767 768
548 549
402 424
431 432
431 450
431 436
754 848
754 867
754 847
754 755
167 178
167 168
542 543
542 744
542 558
408 413
717 718
717 897
371 371
748 749
742 749
517 845
517 518
517 777
517 809
689 691
65 87
616 617
616 628
616 623
554 555
274 276
274 379
654 655
824 826
516 518
914 915
589 590
617 619
617 687
617 643
617 690
617 618
491 492
491 493
648 650
172 173
789 791
642 695
642 644
166 168
178 313
178 179
210 213
210 212
716 717
840 842
470 775
470 598
470 471
470 586
470 659
470 505
470 832
470 666
470 704
470 762
470 711
470 815
25 26
893 915
893 911
893 923
893 894
795 799
795 796
384 393
384 391
384 385
82 84
127 128
330 331
595 599
414 524
414 416
414 415
88 530
88 95
635 651
457 703
457 469
457 770
457 657
457 593
457 504
457 810
457 458
457 710
457 822
457 661
126 127
343 417
343 613
343 344
390 429
390 392
535 541
535 542
535 550
695 719
695 720
695 696
53 224
53 293
53 699
53 323
53 315
53 760
53 818
53 597
53 54
456 459
49 255
49 50
49 169
49 279
49 237
49 326
49 204
49 156
49 51
49 178
49 155
49 287
864 892
864 917
864 885
864 876
864 865
902 903
902 908
902 906
902 904
833 834
100 297
100 605
100 102
100 663
281 286
281 310
908 909
735 872
735 849
735 749
735 782
359 371
206 207
924 926
924 925
526 527
814 816
700 701
700 838
700 770
627 632
627 852
627 634
857 859
857 902
135 584
135 825
135 437
135 136
135 809
726 848
726 867
726 735
726 755
726 782
500 506
220 221
220 222
220 593
220 576
220 760
220 660
220 499
440 503
440 441
440 587
440 705
440 656
440 772
440 712
440 839
440 468
440 763
440 596
440 813
870 871
37 39
96 669
96 184
96 133
96 97
96 777
96 183
493 519
493 494
600 601
727 729
305 306
464 465
79 80
433 503
433 817
433 840
433 585
433 763
433 465
433 811
433 653
433 434
433 834
36 36
97 98
97 706
97 665
207 215
527 543
527 552
626 627
626 628
856 857
195 539
195 196
195 536
373 375
373 374
92 93
728 729
728 743
728 831
585 590
860 861
722 899
722 723
104 105
98 102
528 529
208 209
208 673
208 478
208 672
208 479
883 884
883 892
785 788
394 643
394 690
394 395
394 622
394 620
522 523
231 236
202 345
202 870
410 413
858 859
858 909
628 631
852 853
622 628
622 623
363 569
363 367
291 295
334 335
32 33
1 480
1 1
380 393
380 391
380 382
69 70
474 475
844 845
38 39
685 903
685 908
685 904
685 685
19 20
19 478
19 131
483 484
483 831
483 517
483 758
86 87
460 475
313 321
604 605
321 341
321 322
907 909
874 887
874 876
444 453
444 449
185 186
185 539
185 536
224 225
224 226
906 907
504 505
452 460
128 143
128 130
704 707
810 813
920 926
920 925
458 459
458 841
458 759
458 589
458 836
458 513
87 529
87 366
87 88
122 123
612 851
612 651
293 295
240 243
150 152
361 362
746 748
746 751
420 495
420 422
420 736
309 311
618 632
618 852
618 634
75 76
75 137
546 549
647 678
647 648
647 682
647 679
177 313
177 179
199 535
199 200
3 5
406 408
712 713
547 549
162 164
646 647
176 182
168 171
718 725
407 408
139 145
139 148
233 235
512 513
264 266
747 748
747 751
881 882
518 520
257 258
147 148
806 807
562 564
214 215
568 570
576 578
699 717
677 678
677 856
539 540
539 547
762 764
910 919
910 912
820 823
650 651
112 113
45 46
45 283
118 119
355 356
355 607
355 563
739 742
739 750
776 777
768 769
270 276
481 674
481 482
29 30
550 745
550 559
550 551
799 800
799 828
777 778
750 757
750 781
750 755
256 257
662 664
323 614
323 343
323 325
146 790
146 149
807 830
807 916
807 865
807 880
311 355
311 312
639 644
639 694
577 578
599 601
668 675
676 678
254 255
144 145
144 148
217 218
485 486
485 488
485 611
674 675
242 307
242 243
152 790
152 153
428 429
428 489
428 778
428 520
428 846
610 630
610 627
610 611
248 250
158 159
158 190
158 163
422 571
422 681
422 423
315 316
510 514
774 776
183 184
160 161
160 163
289 290
351 357
351 608
710 711
804 805
216 228
216 407
216 409
574 575
41 42
110 703
110 598
110 659
110 759
110 832
110 329
110 127
110 330
110 126
110 456
110 240
110 512
110 112
110 481
110 477
110 113
110 125
110 821
912 919
760 761
822 823
266 267
266 275
652 654
278 279
278 307
918 919
828 829
828 879
828 882
272 273
658 660
583 583
885 886
885 889
560 738
560 561
644 648
644 722
174 175
783 797
544 545
752 754
660 668
71 222
71 72
758 778
404 571
404 681
404 423
365 367
552 800
552 783
552 553
267 372
267 277
267 347
744 746
744 758
683 684
558 739
558 561
181 182
349 526
349 350
706 707
520 874
520 521
200 201
59 62
59 63
868 871
876 878
876 913
43 43
446 843
446 448
446 470
446 512
446 822
90 94
839 842
607 609
226 227
904 905
353 357
506 516
862 916
862 883
862 865
862 921
720 721
877 878
877 913
447 701
447 584
447 816
447 448
447 662
447 509
382 386
382 676
899 900
30 31
606 608
606 607
227 387
227 228
227 229
227 232
507 509
388 430
388 389
388 489
412 413
325 339
325 352
707 715
418 730
418 419
418 554
418 727
850 860
850 850
620 686
620 621
620 637
84 364
84 85
84 530
84 528
84 95
295 296
462 464
73 76
73 105
73 184
73 137
476 603
476 675
476 845
476 487
476 486
476 827
476 517
476 716
476 518
476 777
468 472
846 847
107 119
107 491
107 123
439 514
439 440
439 820
439 663
681 854
681 726
681 682
379 380
379 381
5 10
397 724
397 900
397 398
397 872
397 756
397 807
397 649
336 339
336 352
581 582
818 823
450 701
450 708
450 833
450 600
450 810
450 820
450 760
450 499
450 451
120 122
812 813
396 396
337 342
337 338
337 406
337 412
922 923
781 782
235 236
235 346
477 698
477 673
477 604
477 479
847 873
847 875
847 850
106 107
499 500
111 112
346 384
346 388
346 347
761 764
123 492
123 124
453 460
56 308
56 60
56 251
56 285
56 214
56 160
56 57
709 713
897 900
836 837
561 570
879 916
879 880
449 452
229 231
229 235
509 510
896 912
425 575
425 426
312 417
312 562
312 353
312 344
837 844
661 668
70 84
318 319
318 578
318 576
609 629
609 610
155 158
245 246
347 348
347 565
482 487
57 159
57 190
57 58
57 301
57 332
57 258
57 281
57 207
57 128
57 337
57 113
57 163
488 489
488 717
488 676
14 15
497 874
497 521
33 35
436 584
436 838
436 466
436 654
436 833
436 768
436 662
436 760
436 499
436 509
436 437
479 482
64 65
64 91
849 850
555 556
853 857
623 627
362 548
362 363
611 612
339 356
339 417
339 563
339 615
339 344
755 756
368 369
376 532
376 569
376 378
888 889
511 512
511 812
523 525
203 204
399 400
399 672
399 674
377 378
882 916
882 883
350 420
350 358
161 191
161 162
723 724
275 276
275 379
711 713
109 166
109 110
109 306
655 656
655 657
825 826
93 94
496 497
437 441
915 918
40 42
287 295
328 331
594 599
322 325
663 664
663 835
415 418
634 635
680 722
680 683
680 899
680 721
24 605
24 25
24 699
24 481
24 674
24 482
385 386
794 799
794 796
865 866
580 581
451 587
451 840
451 452
451 652
451 507
451 468
451 665
451 765
763 764
121 433
121 231
121 122
121 162
121 436
121 259
113 116
734 869
734 735
219 227
286 302
780 862
780 879
780 861
780 780
534 535
563 564
694 719
694 720
694 696
180 181
269 276
238 243
232 236
232 346
521 875
521 893
521 860
521 521
201 572
201 554
201 359
201 726
201 202
513 514
925 927
815 816
91 94
713 715
134 138
134 140
163 164
163 193
721 724
31 673
31 36
2 5
194 198
194 533
194 195
194 361
194 360
8 9
8 112
298 299
304 311
304 606
613 615
465 472
292 293
851 857
621 622
682 683
749 756
553 555
306 307
688 691
35 605
35 36
461 708
461 462
461 463
625 626
549 745
549 559
549 551
855 856
196 199
409 410
137 138
137 140
753 754
320 321
205 469
205 714
205 654
205 206
205 600
649 848
649 881
649 650
649 855
525 527
782 803
782 881
782 806
197 198
197 361
197 360
136 138
136 140
179 181
788 792
788 795
273 274
725 902
725 860
725 725
582 583
307 308
921 924
921 922
588 832
588 589
811 812
913 918
95 738
95 124
823 824
653 654
125 127
809 828
284 308
284 286
284 310
597 598
597 666
536 537
861 866
861 861
637 639
579 583
696 898
696 697
455 501
455 819
455 816
455 456
455 474
455 710
455 660
455 588
455 597
455 515
182 185
182 194
182 188
27 27
779 780
188 189
797 801
797 802
230 231
736 740
736 747
736 739
411 412
26 27
423 424
423 648
423 870
423 680
243 249
243 247
243 272
153 787
153 369
153 154
153 789
796 797
737 738
290 291
290 399
0 0
381 393
381 391
381 382
259 261
149 787
149 154
149 789
149 368
596 599
679 854
679 680
537 540
537 547
636 757
636 808
636 677
636 650
636 847
636 697
697 718
697 897
494 495
494 527
515 759
515 516
67 221
67 263
67 297
67 184
67 265
67 218
67 69
67 323
67 73
67 106
67 136
821 826
821 822
651 901
651 651
911 912
813 814
923 926
923 925
165 176
271 274
715 716
480 482
551 740
551 747
551 568
551 552
374 376
72 105
72 296
72 81
72 250
72 218
72 341
72 73
72 322
72 134
72 182
72 271
751 757
751 781
751 755
310 311
434 701
434 592
434 708
434 768
434 662
434 509
434 437
78 132
78 79
78 98
78 174
78 320
615 617
615 625
463 464
66 425
66 582
66 67
360 362
241 280
241 242
151 152
421 422
89 90
16 27
665 667
413 524
413 416
413 522
413 415
894 896
383 403
383 417
383 614
383 566
383 616
383 384
383 526
383 606
834 837
352 616
352 562
352 353
863 864
48 255
48 50
48 169
48 279
48 237
48 326
48 204
48 156
48 51
48 178
48 155
48 287
909 920
909 910
358 403
358 359
42 698
42 43
115 116
765 768
344 345
344 349
344 565
54 58
565 566
880 884
880 892
880 924
880 922
17 27
