498 1.00 0
100 0.00 0
304 1.00 0
276 1.00 0
426 0.00 0
106 0.00 0
212 0.00 0
324 1.00 0
396 0.00 0
305 1.00 0
42 0.00 0
284 0.00 0
71 1.00 0
386 0.00 0
354 1.00 0
484 0.00 0
461 0.00 0
27 0.00 0
204 1.00 0
93 0.00 0
176 0.00 0
164 1.00 0
178 0.00 0
256 0.00 0
413 0.00 0
53 0.00 0
435 0.00 0
251 0.00 0
449 0.00 0
78 0.00 0
32 0.00 0
368 0.00 0
104 1.00 1
330 1.00 1
243 0.00 1
263 0.00 1
280 0.00 1
75 1.00 1
73 1.00 1
214 0.00 1
503 0.00 1
296 1.00 1
180 1.00 1
261 0.00 1
114 1.00 1
174 1.00 1
432 1.00 1
487 1.00 1
107 0.00 1
208 1.00 1
496 1.00 1
434 1.00 1
151 1.00 1
120 1.00 1
97 1.00 1
451 0.00 1
458 0.00 1
68 0.00 1
373 1.00 1
356 0.00 1
401 1.00 1
230 1.00 1
36 1.00 1
