424
32
196
492
83
155
66
15
204
304
542
29
430
444
160
539
77
90
522
259
49
171
517
231
359
85
331
153
13
540
413
318
485
291
534
148
449
391
105
218
367
490
254
477
44
354
267
30
128
429
520
501
376
162
209
388
415
466
92
483
136
288
432
309
276
103
24
305
443
191
510
348
61
419
118
58
205
248
154
14
437
70
425
97
167
84
228
423
328
445
303
109
262
336
408
203
188
236
472
362
489
176
89
355
72
396
8
255
296
45
535
104
23
512
527
484
533
360
497
470
506
25
414
37
260
271
353
131
458
547
159
19
253
461
371
43
22
157
17
434
94
164
513
440
68
341
499
198
73
241
39
111
51
401
75
420
352
181
42
529
252
221
87
532
200
321
515
300
107
524
487
216
265
442
146
475
20
316
365
1
451
263
278
302
439
138
286
544
473
363
99
386
468
202
530
169
378
40
494
250
34
417
422
350
126
207
80
307
95
246
427
165
116
56
412
346
435
369
482
178
93
479
186
238
514
163
338
406
102
269
433
326
150
10
447
226
74
474
364
257
47
519
357
264
410
543
311
33
298
525
6
398
537
211
79
141
82
493
35
523
381
12
152
456
281
27
495
100
121
508
480
545
299
2
63
399
78
193
86
441
234
340
174
518
240
334
50
110
400
421
180
509
220
201
65
16
156
320
452
195
301
127
242
112
375
52
465
416
342
504
135
275
387
287
21
0
322
450
294
317
147
394
222
217
531
486
179
41
368
182
239
478
373
251
463
339
402
268
106
133
351
273
212
335
227
81
446
142
235
312
175
327
407
187
64
194
347
57
117
426
247
122
11
151
333
438
279
306
282
139
233
173
98
469
382
379
206
168
69
393
498
199
293
38
411
310
26
505
457
134
274
210
374
140
464
503
536
380
7
280
101
395
120
356
295
481
46
256
528
404
516
184
88
76
224
392
9
292
324
431
459
18
158
161
91
67
344
170
502
230
197
54
114
330
244
541
277
454
290
137
125
467
390
377
491
143
285
213
349
418
385
59
119
249
31
313
145
283
215
266
108
409
332
383
521
500
476
232
189
488
315
366
172
229
4
123
329
177
237
511
190
325
60
337
225
53
113
319
185
243
149
71
448
343
405
219
208
55
166
372
115
389
462
96
183
245
132
289
436
272
308
403
345
129
428
323
223
384
546
284
28
3
124
36
192
507
496
62
455
258
5
526
48
361
471
358
261
453
270
297
130
314
460
397
144
370
538
214
