424 427
32 49
32 34
196 227
196 206
196 215
492 493
83 85
155 160
155 158
66 70
66 67
15 16
204 209
204 205
304 305
542 544
29 32
430 431
444 445
160 162
160 161
539 539
77 80
90 98
90 91
522 525
522 523
259 265
259 261
49 50
49 387
171 182
171 172
517 518
231 232
359 360
85 171
85 86
331 333
331 332
153 154
13 16
540 544
413 415
413 422
413 436
318 319
485 489
485 506
485 504
485 486
485 498
291 292
534 534
148 155
148 149
449 450
391 394
105 106
218 219
367 367
490 494
490 491
254 255
254 306
477 480
44 45
354 360
267 269
267 268
30 32
30 37
30 39
30 452
128 131
128 129
429 432
520 521
501 502
376 377
162 163
209 228
209 211
388 389
415 417
415 431
466 466
92 109
92 99
92 95
483 484
483 497
136 137
136 546
288 294
288 306
288 295
432 432
309 444
309 310
276 294
276 295
103 105
24 27
24 26
305 313
305 308
443 445
191 192
510 513
510 515
510 511
510 526
348 419
348 433
348 381
348 349
348 372
61 66
61 73
419 420
118 119
58 70
58 67
205 207
205 227
205 206
248 304
248 254
248 253
248 301
154 155
14 16
437 438
70 71
425 426
97 100
167 174
167 184
167 172
84 85
84 87
84 88
228 229
423 424
328 328
445 447
445 450
303 305
109 111
262 263
336 338
408 419
408 433
408 409
408 428
203 207
203 227
203 206
188 192
236 359
236 485
236 353
236 327
236 237
236 361
472 474
362 362
489 490
489 503
489 507
489 496
176 177
176 219
89 90
89 94
89 93
89 175
89 166
355 357
72 73
396 397
8 9
255 309
255 260
255 256
296 300
45 46
45 453
535 536
104 105
23 29
23 36
512 512
527 528
484 506
484 530
484 504
484 486
533 534
360 362
497 498
497 541
470 471
506 508
25 328
25 27
25 26
414 415
414 422
414 436
37 47
37 50
37 387
260 262
260 265
260 261
271 273
271 272
271 345
353 362
131 146
131 152
131 168
131 132
458 459
458 476
458 488
547 547
159 161
19 260
19 35
19 21
19 38
19 31
253 255
253 306
461 463
371 484
371 488
371 372
371 428
43 45
22 23
22 257
157 160
157 158
17 19
17 22
434 437
434 440
94 95
164 483
164 241
164 378
164 433
164 381
164 232
164 436
513 514
440 441
68 69
341 341
499 501
499 500
198 209
198 205
198 199
73 75
241 244
39 40
111 112
111 117
111 113
111 115
51 490
51 461
51 442
51 246
51 480
51 531
51 351
51 511
401 403
75 80
420 423
420 426
352 353
352 363
181 188
181 190
181 185
42 43
529 532
529 530
529 536
529 541
252 304
252 254
252 253
252 301
221 222
221 230
87 89
87 168
532 540
532 533
532 546
200 204
200 201
321 479
321 323
515 517
515 520
300 458
300 515
300 350
300 393
300 503
300 324
300 467
107 112
107 117
107 113
524 526
487 490
216 232
265 266
265 270
442 483
442 458
146 148
146 166
475 476
20 21
316 320
316 322
365 367
1 12
1 2
451 456
451 455
263 266
263 270
278 401
278 280
302 303
439 440
138 140
138 144
286 287
544 544
473 474
363 367
99 100
386 386
468 469
202 203
202 208
530 545
530 531
530 538
169 170
378 380
40 49
40 452
40 41
494 495
250 252
34 47
417 418
422 423
422 426
350 540
350 408
350 412
350 482
350 504
350 351
350 356
350 516
350 541
126 131
126 127
207 212
207 215
80 90
80 94
80 198
80 202
80 93
80 81
307 308
95 97
95 108
246 355
246 378
246 326
246 368
246 337
427 427
165 166
116 118
116 242
116 459
56 58
412 413
412 414
346 355
346 527
346 506
346 378
346 368
346 347
346 393
346 457
346 546
346 471
435 436
369 376
369 373
369 370
482 483
178 179
93 95
479 480
186 192
238 529
238 363
238 364
238 398
238 334
238 509
238 239
238 244
238 329
238 460
514 514
163 164
163 233
338 338
406 407
102 106
269 270
433 434
326 336
326 334
326 339
326 327
326 329
150 160
150 158
10 17
447 448
226 229
74 75
474 474
364 365
364 366
257 262
257 265
257 261
47 454
47 390
47 48
519 520
357 361
357 358
264 265
410 418
543 544
311 443
311 446
311 312
311 314
33 49
33 34
298 299
525 526
6 10
6 18
398 400
537 539
211 212
211 215
79 80
141 142
82 83
82 87
82 88
493 495
35 36
523 527
523 524
381 382
381 385
12 13
152 171
152 154
456 457
281 287
281 282
281 284
27 28
495 495
100 112
100 117
100 113
100 115
121 163
121 122
508 508
480 481
545 547
299 300
2 6
2 16
63 64
399 400
78 79
193 195
86 98
86 91
441 441
234 235
340 341
174 218
174 221
174 177
174 219
518 521
240 245
334 335
50 51
110 111
400 400
421 422
180 181
509 510
509 527
509 516
220 221
201 202
65 66
16 17
156 157
320 321
320 451
452 453
195 196
195 228
195 213
301 303
127 130
242 401
242 368
242 431
242 244
242 337
112 239
112 114
375 376
52 114
465 466
416 417
342 347
504 505
135 540
135 137
275 276
275 297
387 389
287 288
287 309
287 305
21 23
21 257
0 12
0 2
322 323
450 451
450 478
294 296
317 319
147 153
147 148
394 406
394 398
394 402
394 395
222 224
217 218
531 534
486 494
486 491
179 181
41 47
368 370
182 218
182 183
239 240
478 479
373 374
251 252
463 463
339 341
402 403
268 273
268 272
268 345
106 107
106 116
133 138
351 352
351 381
351 372
273 274
273 344
273 455
212 213
335 335
227 229
81 204
81 86
446 447
446 450
142 150
235 391
235 348
235 246
235 411
235 343
312 316
175 176
327 328
407 407
187 188
64 66
194 195
347 419
347 433
347 381
347 349
347 372
57 58
117 118
117 242
117 459
426 427
247 248
122 161
11 13
151 155
333 335
438 441
279 407
279 280
306 313
306 308
282 285
139 140
139 143
233 406
233 234
233 339
233 476
233 488
233 237
233 460
173 177
98 109
98 99
469 469
382 383
379 382
379 380
379 385
206 216
206 226
168 176
168 170
69 71
393 394
498 501
498 500
199 203
199 208
293 294
293 295
38 49
38 452
38 41
411 413
411 414
310 443
310 446
310 312
26 27
505 505
457 458
134 137
274 348
274 545
274 411
274 481
274 325
274 507
274 526
210 211
374 377
140 203
140 141
140 208
464 466
503 505
536 537
380 382
380 385
7 9
280 287
280 282
101 102
395 396
395 401
120 121
356 378
356 357
356 368
295 296
481 482
46 388
46 47
46 50
256 257
528 528
404 405
516 517
516 520
184 188
184 189
184 185
88 89
88 168
76 77
76 78
76 516
224 231
392 430
392 408
392 535
392 513
392 435
392 421
392 416
392 393
392 464
392 496
392 538
9 10
9 18
292 293
324 442
324 325
431 432
459 510
459 527
459 516
459 460
18 19
18 22
158 159
158 163
161 164
161 233
91 97
91 111
91 102
67 69
344 442
344 346
170 182
170 172
502 502
230 231
197 198
197 200
54 56
114 119
330 331
244 245
541 542
541 543
277 285
454 477
454 456
454 455
290 293
137 138
125 126
125 507
467 469
390 391
390 408
390 533
390 412
390 456
390 486
377 377
491 493
143 144
285 288
285 309
285 305
213 216
349 352
349 409
349 428
418 418
385 386
59 61
59 512
119 336
119 371
119 402
119 235
119 498
119 541
249 304
249 254
249 253
249 302
31 32
313 315
145 154
145 146
283 287
283 284
215 216
266 268
108 111
409 410
332 335
383 386
521 521
500 502
476 484
476 497
232 235
189 191
488 489
488 532
488 536
315 316
366 367
172 177
229 231
229 485
229 419
229 422
229 238
229 234
4 6
123 131
123 127
329 331
177 188
177 189
177 185
237 240
237 509
511 512
190 191
190 222
190 230
325 326
325 337
60 61
60 514
337 338
225 226
53 56
113 239
113 114
319 447
319 320
319 322
319 450
185 231
185 186
243 244
149 150
71 90
71 94
71 198
71 202
71 93
71 81
448 451
448 478
343 347
405 405
219 222
219 230
208 228
208 211
55 77
55 56
55 525
55 523
55 78
166 220
166 217
166 184
166 172
372 376
372 373
115 116
389 390
462 463
96 97
96 108
183 220
183 184
245 391
245 348
245 246
245 411
245 343
132 165
132 142
132 175
289 290
436 437
436 440
272 274
272 455
308 444
308 310
403 405
345 442
345 346
129 130
428 429
323 477
323 456
323 351
323 498
323 356
323 392
323 324
223 224
384 385
546 547
284 285
28 29
28 276
28 35
28 38
28 31
28 36
28 297
3 13
3 4
124 126
36 37
36 452
192 236
192 396
192 241
192 529
192 216
192 417
192 234
192 409
192 460
507 508
496 502
62 73
62 64
455 482
455 457
258 259
258 263
5 6
526 528
48 51
361 362
471 472
358 360
358 365
358 366
261 266
261 270
453 454
270 273
270 272
270 345
297 299
130 146
130 152
130 168
130 132
314 444
314 315
460 472
460 461
460 464
460 467
397 397
144 153
144 148
144 209
144 205
370 376
370 373
538 539
214 215
