684092
684270
684187
684360
684568
683986
684333
684258
684485
684603
684478
684274
684193
684547
684602
684338
684142
683909
684501
684484
684336
684146
684091
683949
684419
684039
684415
684011
684475
684363
684296
684384
684346
684342
684038
683928
684566
684367
684585
683985
684280
684410
684489
684229
685214
684726
685196
684675
685265
685014
684625
685236
685106
684770
685135
685022
684805
685130
685212
685262
684636
685002
684748
685193
685232
685266
684676
684760
684700
684749
685235
685088
685160
685059
685076
685255
684977
685104
685058
685230
685123
685137
684966
685254
685070
685226
684982
685741
685379
685978
685723
685795
685380
685667
685438
685378
685803
685319
685458
685767
685762
685871
685471
685954
685816
686048
685383
685974
685590
686036
685493
685472
686049
685944
685382
685586
685387
685964
685731
685820
685461
685573
685705
685626
685829
685388
685793
686044
685479
685989
685456
685449
685805
685763
685817
686043
685478
685663
685959
685553
686494
686230
686514
686488
686788
686656
686186
686758
686592
686292
686699
686217
686149
686833
686564
686696
686629
686255
686192
686511
686603
686507
686584
686175
686377
686105
686675
686754
686293
686582
686232
686771
686269
686104
686608
686308
686539
686430
686214
686125
686358
686245
686823
686773
686627
686227
686567
686837
686151
686670
686375
686824
686261
686468
687453
686913
687297
687556
686890
686902
687299
686986
687457
686950
687387
687367
687345
687369
687452
686944
687220
687354
687054
687411
687111
687485
687508
687110
687380
687386
687507
687290
687552
687283
687274
687130
687326
687059
687331
687211
687346
687200
687352
687052
686949
686942
687339
687461
687293
686985
687033
687500
687492
687325
687128
687504
687481
686990
687522
687480
687964
688057
688071
688143
688334
687788
688279
687915
688215
687995
688002
688137
687782
688034
687722
688009
688058
687868
687978
688321
687773
687695
688051
687812
687761
688070
687814
688267
688324
688297
688069
688237
687771
687784
687704
687764
687813
687665
688335
688213
688201
687846
688067
687914
687786
687706
688202
687698
688524
688464
688709
688772
689147
688901
688434
688384
688710
688978
688542
688753
688826
688715
688417
688460
688654
688905
689115
688738
688574
688431
688828
689123
688823
688714
689010
688420
688615
688871
688816
688540
688908
688609
689016
688443
689018
688976
688911
688751
688433
688416
688837
689285
689291
689908
689730
689199
689718
689303
689292
689500
689594
689777
689304
689656
689544
689296
689828
689707
689579
689262
689624
689231
689545
689486
689830
689756
689352
689772
689706
689717
689230
689189
689350
689198
689507
689559
689795
689618
689266
689829
689284
689857
689560
689702
689700
689610
689728
689839
689827
689660
690335
690068
690538
689965
690419
690054
690052
689993
690179
690476
690336
690082
690421
690277
690096
690534
690627
690108
690533
690447
690006
690324
690111
690450
690618
690025
690192
690224
689995
690089
690617
690026
690418
690156
689970
690456
689961
690110
690381
690460
690216
691060
691183
691276
691304
691230
690774
691229
690771
690866
690757
690807
691297
690862
691363
690924
691396
691172
691325
690743
691128
690799
691397
690977
691357
690809
691303
691204
691038
691335
690744
691358
690667
691344
691280
691300
691037
691361
691324
691160
691210
690656
691308
690770
690827
691159
691528
691475
691446
691593
691439
691922
691855
691742
691792
691469
691840
691934
691756
691521
692145
691895
692023
692102
692027
691850
691697
691903
691873
691894
691592
692088
691874
692017
692147
691482
691893
691524
691443
691474
692094
691479
691935
692104
691818
691898
691515
691656
691857
692093
691459
691527
692423
692398
692282
692697
692258
692686
692201
692276
692932
692556
692882
692475
692722
692490
692419
692576
692343
692627
692485
692299
692820
692767
692418
692279
692657
692254
692696
692277
692429
692816
692853
692655
692275
692198
692341
692445
692905
692333
692581
692413
692884
692855
692391
692486
692309
692721
692818
692329
692931
692756
692478
693689
693485
693725
693673
693628
693675
693547
693731
693237
693199
692961
693690
693345
693522
693423
693652
693582
693328
693339
693708
693406
693031
693235
693439
693486
693524
693655
693541
692973
693609
693748
693666
693613
693120
693540
693404
693571
693287
693615
693318
693024
693709
693654
693212
693642
693438
693064
693437
693531
693158
693624
694139
694160
694268
693843
694118
694093
694341
693947
693917
694073
694373
694261
694138
694188
694238
694276
694225
694378
693854
693920
694452
693819
694047
694337
693822
693818
694346
694263
694440
694444
694299
694236
693948
693821
694146
693911
694221
693837
694339
694490
693906
693823
694048
694159
694141
693853
694191
694084
695102
694991
695011
694606
694619
694903
694861
694557
695206
694607
694912
694885
695101
695098
694592
694581
695096
694612
694614
695042
694854
694559
694593
695035
694618
694681
695209
695022
695077
695027
695041
694579
694860
695075
694933
694895
694548
694993
695053
695174
694773
695168
695833
695660
695608
695960
695335
695558
695238
695679
695373
695959
695382
695469
695418
695884
695465
695482
695289
695571
695515
695859
695640
695492
695572
695963
695636
695359
695674
695464
695561
695433
695493
695358
695329
695681
695642
695372
695861
695508
696024
695334
695311
695480
695430
695428
696023
695315
695766
695600
695291
696539
696114
696182
696497
696684
696352
696435
696428
696201
696612
696346
696508
696221
696283
696653
696406
696458
696141
696244
696465
696687
696148
696402
696153
696099
696603
696167
696614
696466
696152
696654
696602
696258
696100
696683
696185
696165
696222
696113
696491
696050
696335
696581
696142
696454
696686
696579
697075
697356
697274
697228
697358
697063
697099
697433
697259
697327
696873
697178
697346
696998
696916
697120
696874
697091
697329
696784
696919
697347
697034
697118
697393
697218
696863
697098
697022
697211
696864
696917
697394
697017
697264
696836
696870
696996
697224
696989
697185
696999
697173
697459
697215
698075
697601
697508
698067
698055
697552
697947
697890
697959
697979
698144
697829
697953
697974
698072
697723
697734
697883
697736
698016
697528
697954
697961
697732
697785
697495
698155
697648
697900
697770
697801
697771
697816
697649
697592
697551
697501
697975
697968
697937
697646
698065
698059
697531
698804
698441
698726
698711
698442
698742
698345
698286
698836
698244
698524
698375
698579
698851
698555
698868
698454
698281
698759
698517
698495
698252
698496
698643
698850
698593
698784
698238
698914
698801
698522
698533
698915
698228
698539
698443
698892
698521
698253
698865
698344
698287
698245
699383
699576
699116
699151
699054
699174
699284
699390
699640
699555
699177
699418
699318
699620
699309
699584
699228
699453
699379
699288
699540
699197
699037
699084
699573
699533
699082
699551
699149
699594
699252
699217
699137
699647
699593
699622
699316
699244
699220
699577
698947
698948
699257
699553
699019
699462
699335
699589
700024
700176
699958
699737
700336
700023
699662
699877
699669
700160
700431
700239
700313
699743
700019
699909
699926
700314
700386
700018
699724
699713
699744
699791
699955
699776
700027
699778
700432
699703
700207
699988
700388
700198
700251
699825
700219
700169
700102
700285
700199
700100
699857
699704
699763
700222
699824
700096
700382
699696
700458
700404
699769
700338
699787
700159
699840
699762
699773
700403
699878
700926
700947
701119
700500
701160
700671
700629
700888
700957
700977
700975
700510
700740
700805
700557
700931
700961
700504
701155
700861
701177
701110
700886
700705
700626
700821
701109
700978
700523
701171
701047
700528
700733
700668
701158
701046
701162
700559
700893
701178
701716
701757
701698
701234
701741
701645
701270
701478
701294
701684
701471
701486
701328
701633
701570
701708
701238
701932
701348
701882
701327
701379
701630
701215
701247
701367
701944
701331
701382
701922
701349
701368
701198
701326
701295
701851
701706
701193
701274
701222
701794
701717
701873
701252
701578
701333
701738
701503
701223
701700
701793
701872
702365
702124
702259
702156
702046
702652
701983
702441
702478
702605
702659
702409
702050
702111
702364
702172
702633
702061
702347
702099
702291
702548
702107
701964
702129
702654
702056
702064
702020
702058
702455
702606
702431
702348
702102
702645
702628
702643
702521
702241
702488
702298
702150
702518
702444
702526
702104
702278
702631
702279
702399
702476
702292
702105
702357
702025
702208
702480
702071
702023
702771
703196
703015
702827
703053
703300
703407
703214
702791
702719
703145
703187
702725
702790
703183
703195
703066
703042
703006
702745
703387
703398
702849
703162
702968
702765
702769
703052
702774
702866
702875
702763
702869
702876
703284
702989
702805
703200
703097
703406
703257
702724
703388
703382
703287
703380
704154
703950
704022
703596
703516
703584
703564
703486
704023
704155
704087
704034
703606
703466
703783
703439
703866
703898
703947
703925
703940
703481
703951
704081
703887
703579
703808
704083
703593
703895
703482
703499
704089
703583
703851
703818
703929
703637
703589
704147
703847
703582
704146
704071
703500
703488
703587
704141
703631
703982
704076
703903
703518
703938
703901
703983
704142
703955
703730
704669
704198
704176
704702
704612
704645
704752
704641
704407
704595
704847
704491
704804
704740
704235
704746
704475
704288
704578
704672
704304
704370
704456
704609
704594
704692
704362
704467
704610
704700
704400
704558
704354
704234
704469
704557
704489
704424
704194
704533
704196
704614
705354
705597
704943
705371
705394
705596
705324
705041
705406
705436
705061
705345
705240
705252
705386
705120
704874
705164
705464
705153
705333
705141
704889
705343
705602
705322
705339
705405
705363
705600
705225
704973
705083
705241
705586
705187
705422
705323
705335
705466
705223
705355
705585
705059
705002
705068
704950
705278
704935
705093
704979
705029
705338
705424
705503
705984
706332
706339
706354
706296
705726
706194
706282
706250
705780
705799
705688
706219
705899
706304
705655
705743
705691
705721
706035
705989
705661
706291
706328
706149
706198
705970
705724
706240
705783
705791
706188
706245
705636
706197
705664
705990
706344
705656
705825
706125
705657
705714
705945
706065
705971
705921
705905
706960
707059
706580
706943
707025
707132
706685
706733
706705
706787
706396
706642
706482
707026
706897
706619
706755
706855
707111
706574
706904
706941
707137
706898
706598
707007
707060
706550
706931
706564
706929
706976
706581
706780
707136
706774
706614
706905
706447
706613
706692
707282
707759
707264
707254
707739
707607
707870
707710
707721
707568
707263
707507
707348
707730
707683
707807
707424
707722
707599
707570
707277
707345
707523
707454
707763
707734
707379
707806
707894
707600
707767
707874
707708
707490
707678
707726
707605
707566
707689
707731
707528
707685
707639
707757
707981
708329
708429
708108
708394
708588
707987
708149
708576
707979
707963
707941
708387
707992
708381
707990
708635
708385
708431
708064
708586
707989
708571
708630
708097
708303
708421
708230
708031
707965
708163
708608
709393
708956
709015
709400
708962
708707
709435
709226
709198
709414
709064
708806
708994
708948
709315
709063
709271
709127
708693
709251
709221
709043
709276
708959
708877
709018
708785
709305
709129
709418
708889
709167
709176
709220
708784
708802
708963
709231
709117
709392
709405
709337
709200
708807
708717
709184
708774
708827
709425
709252
709406
709338
709426
709398
710049
709682
709845
709644
709524
709585
709703
709719
709731
709742
709843
709884
709780
709592
709909
710090
709939
710160
710121
709846
709619
709889
709676
710115
710159
709641
709586
710082
710048
710088
709857
710125
710024
710085
709701
709618
710029
709853
709841
709477
710156
709593
709494
710604
710281
710662
710399
710690
710223
710277
710843
710607
710907
710623
710598
710527
710764
710292
710756
710755
710915
710414
710868
710271
710709
710613
710545
710805
710514
710634
710759
710555
710288
710502
710287
710220
710667
710842
710196
710491
710605
710730
710202
710550
710213
710707
710731
710748
710226
710718
711049
711451
710998
711134
711423
711445
711273
711379
711248
711407
711554
711487
711315
711611
711561
711693
711568
711446
711036
711464
711128
711662
711172
711096
710993
711654
711533
711262
711609
711069
711681
711353
711051
711449
711547
711109
711124
711272
711420
711160
711481
711642
711168
711468
711453
711625
711550
711663
711314
711699
711068
711406
711037
711540
711558
711062
711350
712233
711990
712012
712397
712093
711984
712130
712193
712368
712028
712164
711819
712027
712013
711881
712350
711901
711852
711763
712161
711976
711979
711882
712167
712380
712304
712086
711975
712188
712300
711842
712196
712088
711863
711783
712158
712131
711843
711864
712166
711766
712369
711787
712040
711913
712358
712152
712052
712395
712387
712634
712494
712900
713113
712604
712830
713093
712838
712963
712832
712589
712633
712662
713028
713147
712637
712674
712793
713175
713100
712817
713132
713121
713256
712689
712761
713061
713054
712641
712973
713235
712590
713088
713027
713092
712638
713227
712663
713239
713223
713087
713019
712614
712569
712818
712841
713000
712605
712966
713242
713051
713211
712940
712972
712672
712613
713001
713031
713716
713863
714001
713909
713439
713296
713526
713557
713411
713783
713329
713647
713682
713427
713876
713697
713382
713317
713915
713303
713708
713714
713850
713283
713558
713731
713512
714024
713380
713743
713352
713464
713949
713780
713330
713288
713878
713607
713681
713952
713733
713319
713441
714522
714440
714643
714744
714049
714361
714727
714493
714580
714212
714301
714694
714052
714043
714192
714357
714571
714562
714045
714188
714750
714081
714179
714187
714720
714276
714605
714033
714749
714414
714630
714494
714362
714355
714071
714126
714660
714211
714673
714219
714474
714216
714818
714737
714675
714196
714164
714577
714300
714134
714460
714682
714570
714442
714563
714467
715227
715468
715031
715050
715363
715235
714983
715492
715276
715326
715356
715080
715243
715491
715010
714974
714994
714934
715145
715030
715455
714885
715433
715131
715457
715516
714937
714880
714900
715181
714861
715211
715552
715371
714949
715453
715376
715385
715512
715263
714968
715384
715359
714882
715210
715481
715443
715377
715046
715519
716327
716176
715693
716128
715723
716140
716184
715605
716347
716092
715679
716177
716142
716161
716118
716129
715742
715935
715736
715608
715845
716196
716171
716182
715795
716095
716311
715994
715979
716265
715833
715702
716272
715629
715901
715755
715739
715993
716345
715747
715978
715636
716194
715643
716172
716163
715797
715907
716138
716274
715691
715572
716117
715644
715704
716329
715892
715721
716991
716513
716374
716800
716865
716588
716456
716938
716379
716992
716862
716560
716806
716686
717041
716514
716415
716487
716476
717097
716931
716563
716526
717073
716823
716935
717028
716986
716932
716717
717092
717020
716448
716595
716988
716794
716860
716477
717072
716381
716617
716941
717040
717026
716802
717022
716898
717014
716919
716869
716810
716554
716523
716689
716920
717452
717161
717290
717605
717513
717202
717635
717225
717848
717613
717780
717270
717789
717883
717611
717860
717888
717328
717177
717604
717682
717382
717979
717874
717839
717602
717340
717831
717579
717228
717847
717939
717829
717165
717787
717980
717482
717144
717601
717639
717381
717969
717808
717896
717933
717268
717837
717587
717209
717949
717895
717932
717746
717809
717292
717134
717319
717179
717836
717963
718017
718437
718243
718266
718658
718678
718180
718112
718582
718593
718440
718144
718232
718342
718552
718502
718441
718123
718231
718522
718125
718044
718540
718623
718190
718270
718656
718275
718292
718592
718479
718239
718539
718443
718423
718355
718097
718424
718310
719270
719313
719025
719023
719258
718982
718764
719304
719314
718988
719140
718839
719131
719230
719002
719372
719043
719073
719173
718838
719145
719235
719368
719324
719026
719215
719141
719213
718998
719326
719248
719237
719371
719196
719268
719146
720064
719457
719630
719537
720081
719755
720121
719406
719820
720111
719504
720124
719929
719891
719690
720094
719672
719769
720077
719602
719888
720011
719560
719586
719636
720040
719618
720127
720129
719485
719569
719824
719688
720045
719539
719531
720072
719837
719543
719934
720013
719484
719506
719593
719696
719931
719575
720066
719697
720001
720079
719527
719772
720850
720628
720319
720145
720595
720603
720778
720318
720705
720413
720573
720298
720747
720478
720422
720878
720601
720402
720482
720331
720570
720692
720534
720414
720598
720152
720881
720474
720499
720604
720345
720776
720700
720748
720297
720665
720825
720417
720781
720826
720792
720563
720630
720605
720337
721039
721472
721400
721537
721420
721580
721225
721538
721413
721394
721671
721170
721312
721127
720921
721575
720925
721357
721211
721311
721169
721273
721481
721680
721331
721678
721378
721566
720913
721585
720966
721449
721386
721418
721570
721366
721452
721286
721402
721043
721356
720983
721499
721385
720959
721503
722413
721896
722389
721751
721748
722363
722034
721895
721807
722398
722089
722128
721826
722053
722153
722028
722335
722416
722365
722059
722478
721943
722147
722029
722382
721855
721752
722480
722007
722129
722441
722259
722326
721806
721856
722412
722112
722076
722265
721827
721741
722338
722417
722264
722330
721707
722444
722052
722255
722944
722791
723198
723068
722937
722614
722948
723009
723139
722950
723008
722758
723195
722999
722665
722557
722677
722998
723072
722545
722831
722500
722803
722609
722810
722567
722668
722592
722943
722570
722716
722996
723051
722591
722644
722717
722603
723205
722940
723056
722706
723012
723075
723036
723013
722711
723729
723427
723444
723621
723886
723243
723469
723858
723451
723317
723811
723772
723865
723303
723819
723804
723723
723806
723284
723495
723337
723921
723351
723937
723693
723882
723475
723813
723567
723838
723527
723250
723695
723840
723773
723349
723304
723545
723868
723946
723398
723318
723607
723516
723465
723856
723924
723280
723541
723546
723713
723821
723393
723814
723601
723622
723876
723338
723808
723896
723711
723875
724661
724707
724774
724493
724314
724189
724031
724708
724053
724738
724623
724391
724727
724308
724300
724720
724686
724179
724353
724732
724533
724464
724711
724400
724450
724180
724299
724731
724719
724037
724658
724723
724683
724452
724065
724467
724340
724535
724739
724203
724624
724212
724759
724131
724112
724066
724226
724015
724043
724087
724063
724022
724621
724454
724697
724021
724491
724029
724390
724622
724776
724424
724538
725293
725451
725217
725237
725193
725218
724823
724908
725404
725223
725371
724899
725383
725009
725309
725273
725384
725412
724969
725208
724799
725233
725144
725126
724938
725263
725170
725253
724945
725274
724939
724877
724986
725270
725279
725484
725179
724995
724876
725010
725158
725278
724943
725936
725764
726163
726171
725894
725748
726172
725996
725746
726014
726005
725942
725879
726032
726144
725646
726070
725935
726001
725880
726002
725516
725544
726081
725700
725704
726097
725749
725906
725940
725945
726080
725765
725852
726096
725721
725958
725785
726085
725495
726036
725864
725856
726169
725774
725532
725857
726009
725622
725688
726068
726539
726310
726719
726553
726651
726629
726820
726358
726272
726789
726226
726754
726839
726387
726311
726283
726708
726656
726410
726668
726706
726525
726587
726790
726688
726819
726750
726492
726212
726517
726628
726262
726275
726540
726718
726837
726805
726751
726327
726562
726481
726326
726804
726193
726578
726180
726752
726701
726937
727527
726997
726975
727291
727211
726961
727152
727610
727584
727026
726976
727210
727474
726971
727246
726959
726948
727429
727196
727156
727099
727607
727596
727161
727247
727446
727427
727520
727074
727162
727597
726886
727089
727078
727471
727586
727482
726996
727535
727007
727442
727270
726944
727024
726974
726958
727536
727571
727363
727529
728064
728201
728146
728409
727756
728049
728213
728284
728244
728233
728391
727752
728309
728408
728115
728415
728108
727751
728225
727832
727709
728210
728291
727729
728070
728227
727681
727950
727961
727799
728107
727702
728374
728218
728241
728010
728243
728378
728307
727909
728275
728339
727872
727737
727736
727796
728337
727700
728144
727695
727728
728113
728199
727716
728967
728899
728736
728562
728741
728479
728826
729231
728711
728838
728807
729187
728594
728986
728510
728553
728611
728858
729233
728635
728743
728537
728554
729096
728824
728877
728626
728638
728984
728990
728541
728509
728570
728900
729008
728836
728891
729191
728917
728966
729045
729092
729189
728560
728463
730038
729367
730005
729468
729457
729375
729500
729881
729663
729494
729374
729506
730035
729724
729570
729369
729845
729556
729728
729417
729526
729393
729961
730040
729808
730056
729517
729665
729418
729353
729921
729806
729461
729952
729936
729352
730003
729922
729840
729750
729560
729983
729493
729739
729637
729723
729673
729702
729394
729466
729563
729653
729428
730051
729841
730218
730766
730466
730354
730676
730731
730278
730219
730635
730467
730675
730444
730628
730126
730394
730159
730733
730602
730193
730572
730125
730421
730179
730453
730165
730448
730351
730166
730197
730085
730289
730571
730760
730763
730118
730068
730413
730281
730296
730393
730098
730119
730274
730443
730741
730875
731191
731330
730974
730981
731252
730867
731220
731183
730916
730973
731003
731455
731478
731011
730898
731311
730876
730808
731176
731073
731392
731139
731451
731295
731123
730885
730971
731253
730989
730970
731314
731247
731159
731020
731465
730866
730896
731394
730889
731370
731481
731466
731562
731879
731912
731638
731539
731959
731796
731594
731788
732027
731677
731526
731880
732115
731575
731918
731723
731773
732102
731591
731587
732118
731744
732020
731595
732091
732106
731895
731786
731590
731730
732055
732606
732739
732425
732459
732579
732569
732607
732462
732742
732273
732256
732494
732310
732822
732415
732254
732509
732362
732899
732344
732508
732563
732314
732483
732512
732272
732475
732775
732663
732565
732238
732432
732825
732294
732405
732665
732821
732553
732712
732851
732545
732264
732916
732227
732547
732901
732575
732718
732760
732539
732580
732355
732266
732329
732343
732769
732296
732482
732356
732558
733430
733738
733271
733626
733677
733082
733270
733331
733339
733528
733701
733431
733720
733374
733403
733696
733317
733447
733624
733458
733038
733362
733042
733217
733393
733460
733215
733515
733029
733307
733041
733679
733514
733007
733449
733329
733083
733702
733192
733719
733373
733332
733823
733787
733868
733883
734356
734406
734216
733874
733945
734313
734379
733821
733881
734116
733761
734026
734326
733804
734431
734225
733759
733964
733788
734172
734233
734053
734169
734445
734323
734438
734430
734317
734124
733803
734433
734208
734254
734224
734246
733871
734147
733825
734353
734247
733783
735166
735095
734967
735089
734684
734969
734544
735122
735039
735268
735106
735176
735088
735101
734961
734927
734941
735252
735167
735024
735107
734960
734526
734689
735100
734953
734809
734940
735175
735023
734974
735138
734925
735083
734954
734600
734719
735142
734887
734601
734931
735085
735817
735664
735764
735392
735983
735973
735516
735399
735956
735699
735394
735655
735545
735539
735938
735582
735595
735808
735543
735843
735974
735484
735581
735769
735397
735984
735663
735347
735739
735801
735728
736015
735793
735990
735480
736017
735485
735435
735926
735960
735479
735844
735654
735940
735420
736386
736503
736533
736646
736172
736465
736639
736416
736171
736504
736613
736046
736674
736332
736348
736411
736116
736424
736073
736448
736169
736657
736118
736641
736194
736427
736042
736319
736619
736040
736512
736034
736637
736120
736173
736751
736371
736189
736117
736231
736744
736519
736075
736372
736598
736618
736190
736658
736131
736119
736422
736672
736749
736449
736349
736484
736535
736767
736309
736393
736211
737245
737031
736900
737356
736826
736983
736971
737129
737450
737549
736844
736882
736911
736985
737060
737047
737180
736992
737474
737318
736972
736929
737305
737313
737548
737271
737080
736892
737043
737204
736930
736993
737314
737316
737440
737376
737460
737635
738030
737702
738229
737887
738060
737665
738303
738140
738099
737806
737636
737894
738176
738023
737668
737611
737953
738101
738065
737994
738047
738248
738015
738178
737867
737630
738139
737632
737954
738127
738116
737760
738180
737895
738019
738049
738228
738302
737641
738284
738046
737650
738166
738025
738067
737889
737646
737596
738130
737804
737759
737861
738161
738051
738275
738028
737892
738021
738239
737637
737649
737669
738160
737992
738290
737645
738674
738871
738793
739016
738921
738864
739009
738399
738477
738775
738863
738979
738500
738653
738405
738358
738485
738755
738772
738404
738670
738606
738538
738626
738770
738501
738361
738542
738536
739015
738475
738537
738780
738566
738904
738486
738552
739010
738732
738791
738832
739245
739755
739476
739413
739148
739500
739147
739475
739622
739324
739414
739635
739494
739204
739806
739307
739559
739665
739120
739669
739645
739427
739752
739407
739124
739569
739457
739428
739445
739661
739469
739325
739620
739496
739522
739267
739745
739151
739231
739524
739238
739158
739116
740511
740039
739869
740134
740275
740097
739992
739995
739997
740117
740344
740310
740202
740135
740260
740089
740384
740072
740162
739941
740279
740330
740551
740074
740512
739870
740488
740010
739931
740245
739990
740093
740085
740334
740343
739930
740327
740041
740542
739984
740692
740763
740883
740710
740928
740884
740709
740605
741147
740697
740907
740623
740669
741141
740686
740813
741145
741332
740940
741294
740890
741070
740989
740687
741085
741119
741072
740636
740840
740699
741297
741063
740811
741310
741280
740892
740666
740637
740985
741330
741139
741037
741209
740598
741197
741106
741213
740808
741295
741099
741038
740690
741230
741855
741789
741937
741465
741696
741592
742108
742066
741948
741495
741660
741783
742000
741656
741956
741661
741614
741721
741780
741997
741518
741741
741865
741957
741603
741516
741539
742042
741998
741701
741672
741824
741496
741896
742045
741742
741926
741993
742106
741927
742013
741897
741939
741773
741812
742792
742858
742697
742790
742625
742252
742280
742415
742312
742778
742495
742595
742735
742723
742343
742783
742682
742492
742680
742776
742305
742176
742225
742471
742316
742400
742309
742867
742326
742284
742755
742398
742253
742762
742283
742728
742317
742785
742304
742325
742631
742745
742900
742859
742278
742725
742733
742577
742516
742696
742894
742594
742923
742935
742707
742218
742494
742272
743095
743081
743183
743017
743005
743380
743234
743364
743344
743558
743035
743444
743553
743196
743564
743450
743024
743428
742971
743389
743140
743385
743094
743092
743004
743506
743509
743416
743034
743114
743445
743020
743080
743143
743136
743045
743340
743383
743223
743542
743046
743492
743304
743566
744390
743822
744388
743898
744409
744008
743960
744307
743875
744216
743694
743812
744376
744314
744171
743933
744184
743981
744309
744105
743772
744114
743865
743957
743789
744377
744366
743819
743932
744169
744365
744115
743961
744103
743773
743938
744400
744218
743918
743715
743955
743692
744333
744188
743683
744099
744292
743908
743939
743817
744486
744625
744675
745070
744614
744539
744596
744434
744710
744427
744559
745050
744676
745095
744557
744484
744931
744601
744544
745179
744719
745061
744495
744934
744547
744949
745063
744620
744970
744876
745052
744493
744545
745190
744968
744913
744650
744758
744766
744998
744821
744794
744489
744725
744703
744548
745152
745059
744568
744612
744855
744945
744893
745155
744623
744822
744570
744793
744864
745218
745841
745794
745254
745638
745691
745486
745639
745900
745514
745885
745449
745815
745903
745697
745554
745882
745965
745774
745792
745797
745207
745698
745624
745924
745388
745692
745923
745878
745840
745901
745886
745225
745548
745791
745402
745488
745542
745557
745593
745666
745414
745321
745823
746650
746435
746525
746661
746051
746049
746538
746533
746141
746443
746202
746170
746268
746079
746364
746481
746570
746714
746084
746331
746011
746642
746055
746330
746569
746527
746393
746107
746447
746111
746281
746395
746652
746440
746656
746108
746040
746099
746573
746526
746542
746242
746438
746407
746522
746444
746039
746209
746390
746657
746576
746587
747444
747169
747402
747308
746942
747467
747452
746913
747366
746826
747069
746988
746936
747468
747168
746912
746892
746943
746832
747499
747264
747446
747173
747152
747367
746835
747116
746860
747123
747275
747418
747449
747203
747277
747512
747470
747131
747032
746863
747437
747120
746935
747425
747204
746961
746978
747171
747471
746780
747500
747121
747530
747407
747513
747314
747328
747005
746896
747420
746983
747525
747208
747424
747262
746824
746774
747371
746944
746792
747329
747207
747454
747209
747630
747617
748188
748021
747706
747589
747779
748208
747582
748232
748064
747597
748093
747823
747831
747611
747819
747807
747634
747822
747996
747576
748046
748154
748048
748224
748007
747817
747572
747830
748130
748153
748006
748231
747968
748022
747850
747684
747771
748219
748135
747618
747755
748133
747894
747914
747648
747612
747754
748808
748472
748891
748688
748612
748290
748776
748473
748602
748921
748379
748291
748448
748793
748434
748912
748597
748313
748426
748306
748799
748925
748354
748324
748894
748356
748305
748334
748581
748433
748470
748335
748914
748507
748580
748328
748803
748692
748685
748475
748362
748444
748911
748812
748512
748708
748457
748555
748584
748794
748802
748774
748593
748598
748714
748506
748513
749763
749550
749084
749134
749066
749435
749697
749169
749780
749214
749736
748998
749466
749766
749170
749155
749716
749150
749051
749217
749464
749109
749073
749547
749224
749524
749714
749053
749781
749699
749152
749734
749283
749590
749077
749284
749770
749087
749137
749118
749082
749614
749769
749461
749378
750386
750202
750338
749863
750068
750481
750554
750358
750234
749933
750490
750284
750523
750448
750329
750035
750477
750333
750380
750385
750210
750197
750513
750003
750559
750580
750343
750561
750549
749815
750235
750172
750229
750133
750185
750437
750555
750390
750291
750487
750363
750230
750449
750004
750433
750326
749841
750286
750491
750479
749829
750084
750537
749885
749861
749932
750378
751403
751213
750995
751061
751083
751165
751356
751026
750816
751233
750819
751402
751367
751082
751346
751296
750996
750664
751121
751025
750609
750778
750933
751070
750618
751020
750810
750792
751231
750626
750595
751227
751344
750820
750942
751241
751163
750776
750665
751293
751352
750627
750790
750965
751242
751210
751156
750868
751223
751365
751315
751399
751021
751159
751769
752190
752010
751782
751630
751514
751775
752139
751587
751992
752108
751566
751613
752123
751546
751481
751857
751583
752105
752093
751602
751509
751589
752122
751605
751766
751851
751513
752115
752166
751984
751816
751570
751628
751575
752138
752167
751555
751483
751817
751982
751614
751975
751445
751556
751584
752074
751516
752020
752431
752265
752543
752597
752523
752387
752324
752846
752596
752762
752795
752858
752482
752410
752453
752877
752588
752605
752767
752728
752934
752713
752508
752241
752750
752859
752506
752409
752705
752606
752833
752937
752329
752832
752715
752415
752289
752749
752266
752206
752237
752771
752603
752845
752287
752510
753606
753577
753123
753043
753625
753056
753718
753702
753027
753194
753183
753013
753691
753192
753121
753041
753488
753030
753167
753652
753610
753407
753109
753060
753128
753515
753457
753166
753688
753703
753716
753227
753303
753124
753389
753650
753614
753535
753110
753023
753616
753400
753071
753459
753487
753728
753174
753534
753234
753408
753070
753996
754028
754267
753915
753939
753895
754136
754487
754060
754373
754462
753884
754203
754541
754249
754325
753904
754295
754185
754199
754130
753786
754157
753928
753896
754513
754195
753985
754132
754426
754509
753992
754460
754323
754251
754427
753937
754515
754510
753851
754246
754006
753957
753986
754216
754247
753832
753892
753809
753933
753885
754044
754287
754788
755179
755240
754876
754862
754967
755191
755178
754960
755115
755064
754616
754982
755136
755011
754902
755070
754770
755044
755092
754627
755131
755134
755071
754914
755197
755046
754598
755182
755014
754764
755144
754747
755114
755209
754778
754637
755141
755103
755094
755062
754785
754634
754650
754586
754654
755009
754963
754711
754636
755186
755175
754860
754881
754592
755286
755566
755869
755609
755478
755336
755440
755323
755913
755717
755433
755281
755931
755499
755645
755656
755918
755521
755289
755355
755532
755616
755662
755743
755803
755288
755822
755534
755610
755740
755724
755996
755332
755368
755978
755442
755472
755920
755699
755367
755789
755525
755363
755932
756622
756726
756089
756021
756478
756470
756174
756740
756508
756599
756342
756490
756759
756092
756483
756579
756375
756517
756536
756247
756577
756765
756529
756623
756032
756486
756245
756763
756386
756374
756283
756418
756456
756385
756110
756485
756253
756176
756327
756468
756189
756505
756548
756727
756195
756752
756307
756791
757287
757200
757228
757390
756833
756820
756874
757182
756790
757276
757317
757322
757022
756835
757221
756917
757293
756902
757232
756808
757220
757195
757066
757275
757044
757173
757291
756868
757134
756900
756848
757386
756906
757205
757489
756866
757345
757180
756985
756875
757358
758077
757853
757885
757643
757912
758141
757985
758253
757696
757725
758224
758217
757974
757911
757689
757923
758173
757945
757694
757702
757707
757585
758248
757562
757926
757970
757677
758098
757756
757966
757697
758099
757681
757988
757908
758155
757588
757901
757840
757560
757927
757529
758189
758119
758179
758074
758221
758190
757939
758158
758779
758434
758277
758807
758666
758920
758785
758344
758900
758440
758965
758484
758688
758739
758897
758925
758772
758325
758577
758362
758959
758790
759014
759050
758740
758544
758446
758488
758984
758879
758809
758775
759010
758904
758919
758911
759054
758754
758928
758364
758686
758682
758899
758370
758643
759562
759148
759629
759396
759445
759656
759377
759427
759112
759614
759404
759691
759546
759728
759118
759594
759335
759683
759527
759724
759709
759689
759428
759608
759225
759528
759471
759155
759432
759725
759113
759075
759479
759298
759224
759348
759370
759216
759444
759449
759413
759603
759657
759456
759164
759070
759122
759627
759168
759405
