684422
684450
684311
683920
684126
683968
684211
684218
684310
684123
684536
684291
684457
684575
684443
684282
684527
683977
684358
684353
684591
684283
684117
684428
684352
684320
684216
683923
684530
684354
684069
684445
684272
684009
684387
684425
684447
684427
684322
683935
684534
684471
684405
683973
684097
684460
684207
684124
684987
685200
685152
684867
685117
685281
684808
685275
684665
685101
684645
684727
684897
684755
684858
684686
685242
684777
685006
684861
685279
685031
685219
684640
684752
685154
685290
684994
685288
685300
684798
685276
684799
685216
685144
684926
684703
685238
685083
685118
685000
684683
684840
685005
685142
684836
685100
685234
685201
685178
685537
685594
685628
686012
685582
686017
685821
685941
685502
685992
685997
685538
685494
686069
685812
686006
685392
685756
685848
686016
685615
686008
685569
685409
685807
685849
685549
685713
685987
685612
685813
685744
685710
685737
685708
685802
685935
685752
686013
685824
685340
686794
686522
686445
686150
686796
686289
686719
686229
686842
686226
686541
686420
686811
686820
686457
686716
686660
686286
686347
686647
686122
686271
686362
686744
686351
686443
686170
686639
686637
686448
686661
686734
686742
686168
686423
686373
686106
686692
686831
686735
686818
686690
686219
686288
686748
686456
686346
686632
686153
686121
686392
687105
687563
687608
687147
687285
686920
687215
687628
687179
687418
686857
687136
686853
687157
687196
687528
687153
686940
686863
687527
687570
687114
687051
687439
687621
687420
687120
687154
687172
687231
686919
687121
687631
687284
687184
687610
687076
686978
687635
687568
687047
687619
686930
687161
687444
686931
687427
687561
687195
688021
687659
687971
688165
688364
687865
687770
688363
688266
688189
687853
688168
687714
687826
688219
688096
687713
688116
688169
688241
687886
688243
687772
688281
687644
688089
687852
688120
687940
687825
688056
688166
687775
687693
687674
688315
687879
688179
687647
687779
688043
688268
688074
688117
687901
688331
688318
687827
687778
688191
688062
687670
688776
689173
689109
689022
689045
688860
689088
688571
689174
688637
689067
688533
688566
689023
688773
688688
689072
688946
688702
688492
688916
688604
688995
688778
688924
688756
688922
688958
688953
689068
689021
689082
688480
688889
688603
688914
688724
688667
689074
688401
688544
688941
688485
689046
688939
688503
688528
688523
688382
689025
688491
688597
689055
688405
689206
689732
689650
689213
689601
689538
689762
689760
689412
689676
689602
689345
689855
689945
689887
689644
689377
689664
689599
689238
689568
689879
689449
689369
689636
689789
689529
689585
689566
689719
689947
689301
689413
689535
689726
689319
689347
689259
689235
689775
689880
689630
689573
689678
689257
690199
690398
690623
690030
690360
690439
690378
690000
690120
690229
690377
690496
690036
690639
690441
690272
690482
690635
690350
690470
690504
689978
690116
690472
689976
690638
690001
690530
690169
690469
690038
690402
690587
690091
690404
690031
690357
690650
689983
690331
690399
690308
690092
690045
690396
690034
690554
690074
690012
690751
690975
690989
690850
690892
690714
691270
691389
690929
691020
691059
690824
691221
690752
691413
691218
691348
690888
691253
690713
690978
691427
691370
690719
690803
690731
690748
691126
690898
690870
690820
690721
690869
690782
690722
690730
691291
691214
690873
690685
691006
691349
690864
691379
690943
691246
691318
691286
690890
691412
690657
691225
691294
691429
691543
692099
691980
691484
691627
691968
691476
691607
692070
691787
691751
691887
691767
691973
691491
691884
692175
691750
691766
691823
691987
691518
691779
691969
691930
691951
692174
691633
691924
691555
691591
691539
691955
691655
691733
691970
691617
691782
691972
691567
692097
691551
691958
691912
692182
691910
691583
692074
692124
692381
692679
692453
692339
692677
692920
692325
692544
692369
692699
692452
692349
692540
692319
692384
692879
692717
692331
692557
692908
692840
692330
692292
692458
692888
692584
692519
692243
692538
692919
692735
692617
692707
692351
692457
692875
692745
692370
692887
692715
692625
692872
692320
692867
692598
692713
692779
692819
692691
692593
692837
692712
692463
692690
692327
692778
693450
693293
693454
693289
693607
693530
693026
693215
693499
693772
693180
693598
693734
693006
692978
693014
693466
693774
693766
693377
693684
693459
693346
693025
693113
693388
693266
693461
693638
692980
692953
693455
693089
693112
693724
693462
693635
693283
693379
693336
693279
693451
693756
693140
693004
693534
693181
693231
693458
692986
693802
693923
694383
694481
694407
694351
694480
694457
694413
694009
694510
694362
694297
694448
694300
694078
694256
694183
693810
694410
693875
693994
694388
694396
694167
694500
694153
694458
694434
694429
693924
694485
694377
694360
694259
693787
694386
694436
694465
694004
694467
693927
694184
694416
693786
694354
694061
695003
694594
695090
694899
695187
694925
695079
695071
695219
694667
694818
695000
694935
695039
695020
695191
694680
694957
694804
695047
694828
694876
694826
694956
695181
694877
694591
695192
695171
694757
694947
695004
695044
694669
694691
694682
695216
694595
694636
695145
695015
694824
694799
694883
694775
694761
695091
694781
694918
694945
694642
694916
695883
695385
696021
695979
695851
695966
695257
696027
695445
695980
695893
695955
695971
695278
695957
695774
695677
695593
695713
695584
695878
695348
695296
695775
695720
695807
695300
695536
695923
695856
695935
695898
695360
695276
695535
695343
695712
696034
695874
695717
695443
695327
695950
695352
695542
695926
695549
695598
696248
696557
696633
696065
696123
696510
696353
696731
696307
696299
696327
696563
696087
696061
696295
696081
696249
696364
696472
696393
696347
696067
696395
696512
696416
696463
696235
696564
696494
696089
696293
696565
696631
696375
696470
696357
696252
696176
696193
696432
696469
696559
696499
696371
696083
697128
696993
697484
697139
696882
697446
696947
697205
697145
697437
697279
696948
697040
696932
697078
696806
697312
697449
697056
697122
697238
696796
697472
697262
697141
697282
697426
697137
696825
696893
697233
697021
696807
697461
697424
696827
696884
697373
697180
697302
697377
697188
696797
697465
696975
697474
697412
697435
696811
696963
697159
697144
697127
697276
696934
697019
696810
697103
696890
697714
697576
697533
697623
697502
697793
698171
697507
697546
697711
697512
697907
697668
697577
697611
697982
697903
698115
697841
697669
697535
697833
698043
698112
697659
698138
697545
697822
698175
697804
697709
697984
698137
698033
697538
697597
698040
698173
698006
697910
697779
697795
697670
697596
697698
698164
698172
698189
698668
698638
698229
698333
698568
698699
698213
698395
698897
698411
698778
698706
698334
698267
698902
698882
698667
698880
698390
698403
698694
698929
698348
698858
698391
698518
698292
698659
698501
698695
698583
698467
698338
698502
698714
698477
698418
698934
698756
698780
698662
698612
698347
698438
698335
698707
698640
698730
698430
698611
698295
699567
699633
698975
698988
699420
699657
699625
699204
699072
698990
699477
699426
699631
699478
699434
699447
699508
699427
699506
699449
699167
699366
699070
698992
699610
699247
699401
699403
699627
699292
699050
699541
699566
699344
699342
699125
699118
699608
699440
699162
699372
698952
699658
699422
700328
699729
699830
700307
700486
700143
700078
699861
699827
700460
700087
700188
700369
700272
700247
700136
699882
700006
700118
700295
699835
700137
700248
700454
699752
700139
700187
699869
700130
700453
700089
699772
700352
699680
700371
700141
699667
699842
699730
699863
699753
700005
699851
700271
700296
700309
700326
701016
700506
701184
700621
701150
700693
700715
700679
700598
700883
700830
700496
701086
700786
701078
700938
700881
700900
700824
700673
700918
701041
700758
700879
701030
701165
700694
700940
700871
701042
700742
700645
700590
700738
700562
700674
700622
701164
700642
701011
700680
701010
701103
700605
700579
700683
701833
701887
701649
701728
701840
701231
701394
701423
701774
701490
701884
701422
701424
701199
701846
701608
701501
701492
701653
701858
701543
701624
701835
701893
701554
701907
701839
701695
701437
701891
701627
701504
701903
701387
701729
701651
701230
701843
702318
702544
702341
702677
702338
702418
702528
701991
702376
702676
702391
702447
702314
702371
702194
702173
701965
702705
702350
702435
702203
702370
702491
702154
702515
702623
702378
702429
702417
702317
701993
702570
702416
702200
702624
702420
702508
702189
702390
702532
702943
703021
703273
702712
703121
703342
703244
703134
702913
702759
703190
702952
702855
702783
702908
703375
703119
703238
703060
702757
703278
702735
703240
703303
702755
703397
703023
703271
703131
703431
702756
702802
702962
703212
703210
702821
702928
702800
703330
702782
702738
703332
703118
703324
703086
702758
703568
704066
703943
703758
703858
703504
703919
703942
703444
703703
703676
703726
703988
703833
703964
703996
703707
703747
704010
704102
703442
703503
704017
703675
703906
703698
703680
704073
703978
703569
704152
704123
704121
703728
703743
704019
704097
704150
703689
703909
703683
703921
704795
704358
704377
704755
704569
704714
704464
704781
704241
704352
704378
704865
704811
704729
704500
704460
704450
704315
704183
704448
704866
704297
704788
704726
704202
704479
704780
704276
704275
704246
704435
704651
704462
704179
704271
704794
704381
704239
704445
704468
704840
705414
705545
705137
705560
705605
705426
705501
705552
705053
705218
705020
705272
705049
705316
705075
705517
705546
705179
705131
705431
705616
705315
705412
704954
705309
704906
705249
705467
704927
705160
705556
705130
704926
705508
705468
705594
705013
705307
704905
705562
704953
705607
705609
704932
705815
706136
706229
705864
706375
705777
706252
705776
706163
706259
705647
705787
706347
705745
706225
706273
706029
705654
706052
706156
705928
705623
705764
705827
706089
705795
706050
706253
705816
706376
706326
706348
705753
706330
705956
705681
706369
706015
705964
705951
706081
706248
706175
706371
705747
706269
705916
705668
706954
706548
706557
706622
707082
707031
706527
707000
706541
707037
706425
706503
706566
706544
706990
706501
706413
707100
706883
706677
706837
707013
707070
706826
706560
706524
706522
707064
707085
706955
706430
707115
707024
706533
706659
706473
706667
706968
707073
706424
706532
706895
706836
706545
706583
706981
707107
706561
706963
706632
706427
706469
706914
706584
706567
706964
707092
706466
706559
706403
707002
707108
706913
707077
706555
706830
706415
707284
707316
707687
707558
707270
707501
707398
707232
707778
707629
707899
707343
707884
707513
707765
707904
707743
707257
707920
707430
707474
707258
707553
707267
707226
707279
707393
707404
707630
707418
707782
707434
707924
707259
707337
707278
707922
707839
707586
707593
707627
707819
707751
707527
707905
707775
707223
707219
707850
707656
708414
708591
708472
708262
708123
708294
708561
708474
708606
707956
708556
708190
708502
708036
708413
708227
708382
708124
708078
708210
708542
708049
708195
708625
708507
708359
708436
708564
708637
708244
708638
708584
708677
708631
707947
708309
708223
708012
708297
708113
708358
708580
708437
708034
708286
708419
708574
708021
708517
708590
708462
708607
708280
708565
708675
708448
708015
708022
707936
708404
708810
709384
709022
709290
709102
709308
708731
708817
709145
709218
709462
709161
709470
709187
709094
709428
709377
709247
709471
709188
708854
709223
709158
709163
709168
709153
709196
709301
709228
708928
709362
709391
709141
709388
709227
709380
709460
709159
708865
709430
709021
709171
709207
708900
708730
709412
708934
709265
709154
709246
709104
709455
709266
709986
709577
709940
709546
710003
709534
710074
710012
709628
709866
709871
709495
709563
709623
709599
710101
709581
709948
709533
709736
709773
709924
709991
709529
709691
710069
709890
709560
709928
710004
709748
709754
709520
710065
709891
709549
710162
709908
709936
709938
709624
709596
709752
710010
710107
710060
709647
710077
709935
709715
710809
710339
710391
710334
710933
710296
710345
710692
710660
710440
710484
710881
710879
710838
710810
710417
710340
710657
710559
710696
710831
710389
710807
710643
710475
710702
710934
710656
710694
710368
710821
710697
710250
710570
710486
710712
710710
710297
710335
710628
710276
710839
710542
710344
711010
710981
711040
711090
711636
711042
711394
711526
711703
711643
710954
711011
711120
711612
711324
711553
711100
711436
710974
711502
711113
711089
711191
711627
711031
711501
711099
710950
711043
711182
710996
711097
710975
711510
711210
711512
710945
711434
711701
711118
711232
711651
711600
710949
711405
711590
711689
711317
711231
711509
710991
712290
712311
712324
711875
712240
712270
712253
712367
711797
712335
712281
711915
711774
712056
711951
711743
712394
711931
712220
712218
711734
712415
712115
712352
712383
711729
712267
712408
712416
711906
712293
712221
711779
712365
712133
712250
711799
711745
711822
712331
712242
711737
712402
712309
712134
713200
712990
712535
712692
713075
712476
712573
713099
712800
712952
713201
713114
713080
713188
712951
713126
712653
712513
712609
712488
712856
712881
712917
712919
713023
712805
713004
713034
712608
712857
712924
713036
713118
713207
712652
713261
712755
712923
712650
713103
712515
712685
712790
713218
712534
713183
712524
712649
712791
713022
712575
713073
712798
713371
713635
713314
713587
713506
713312
713601
713994
713460
713807
713912
713334
713358
713984
713456
713549
713810
713822
713337
713366
713489
713913
713417
713482
713809
713333
713638
713906
713963
713495
713796
713496
713355
713343
713821
713775
713910
713377
713322
713339
713657
713774
713999
713369
713727
713292
714005
713599
714102
714684
714838
714174
714176
714279
714237
714297
714481
714321
714763
714072
714553
714601
714393
714640
714555
714137
714657
714396
714713
714637
714552
714615
714088
714236
714775
714200
714717
714671
714199
714454
714098
714376
714249
714087
714616
714607
714105
714032
714759
714741
714773
714075
714771
714055
714723
714840
714320
715554
715395
715061
715361
715002
715320
715425
715387
715238
715177
715314
715164
715229
715485
714926
714978
714890
715273
715526
715366
715431
715470
714887
715553
715332
715189
714894
715151
715429
715495
715365
715140
715331
715494
715525
715487
715281
715316
715076
715295
715230
715397
715298
715426
714860
714992
715483
715659
715731
716039
715988
715966
716107
715773
716047
716350
715774
715989
716106
715941
715655
716335
716072
715891
716216
716303
716305
715823
715961
716024
716207
715590
716015
716251
716344
716044
716076
716168
716025
715732
716343
716249
715962
716336
715928
715661
716244
716213
716351
715873
715999
716223
715657
716243
716698
716769
717054
716828
716820
716881
716786
716967
716429
717048
716631
716660
717123
716922
716635
716753
716632
716780
716539
716659
716604
717122
716776
716787
716722
716831
716743
717046
716464
716981
716390
716775
716721
716492
716432
716766
717108
716497
716584
716491
716877
717218
717301
717653
717987
717507
717673
717321
717986
717219
717695
717855
717297
717995
717756
717708
717347
717489
717598
717213
717518
717572
717235
717498
717751
717990
717908
717342
717392
717508
717711
717797
717909
717672
717494
717558
717594
717446
717352
717851
717496
717977
717585
717595
717517
717865
717299
717850
718339
718390
718559
718392
718021
718363
718705
718457
718048
718670
718303
718173
718348
718396
718084
718280
718069
718637
718448
718147
718417
718046
718432
718674
718164
718627
718430
718248
718482
718153
718397
718416
718570
718662
718305
718563
718447
718699
718631
718569
718365
718661
718694
718707
718488
718525
718225
718344
718349
719363
719062
719289
718958
719266
719198
719136
718830
719328
719187
718722
718740
718888
719207
719285
719122
718821
719253
719255
719340
719106
718820
718877
719134
718856
718879
718803
719209
718890
718720
719102
718995
719359
719202
719109
718964
718978
718809
718875
719341
719311
719361
719333
718894
719021
719152
718918
719100
719121
719260
719039
719579
719568
719942
720058
719652
719694
719805
719972
719432
720031
719449
719638
719469
719453
720050
719806
719431
719800
719708
719717
720095
719880
719415
720118
720035
719985
720030
719926
720101
719577
719718
719991
719634
719792
719785
719466
720109
719402
719733
719978
719612
719797
719556
720130
720147
720615
720238
720179
720683
720655
720223
720269
720853
720407
720616
720553
720405
720656
720882
720398
720698
720252
720144
720862
720727
720660
720787
720612
720388
720638
720523
720470
720884
720230
720237
720625
720662
720618
720253
720316
720205
720317
720224
720813
720438
720270
720204
720728
720575
720455
720180
720624
720613
720856
720552
720685
720246
720227
720961
721326
721434
721602
721089
721299
721595
721435
721033
721106
721617
721031
721485
721054
720962
721140
721459
720932
721103
721086
721477
721128
721257
721192
721390
721597
720956
721684
720954
721601
721369
721052
721161
721111
721660
721639
721328
721253
721614
721648
721457
721088
721655
721297
721124
721462
721656
721242
721510
721699
721365
721577
722020
722245
722299
722042
721891
722353
722186
722218
722197
722244
722064
722201
721769
722226
722055
722370
722464
722439
722356
722320
722403
722249
722189
722305
722133
722319
722451
722063
721908
722372
722459
722253
722061
722317
721992
722302
722400
721820
722344
722041
722318
722096
721721
722395
722242
721965
722373
722062
721890
722220
722125
722462
722021
721779
721815
722132
721936
722234
721984
723133
722659
723161
723084
722784
722532
723116
722930
722924
722987
722581
722690
723117
722697
722623
723101
722599
722578
722816
723167
723106
722833
723187
722574
722586
722863
722932
722882
723107
723029
722575
722580
722605
723203
722537
723002
722585
723134
722731
722921
723033
723082
722538
722606
722822
722879
723170
723234
722955
723099
723028
722661
722597
722958
722970
722652
723830
723346
723690
723903
723632
723258
723972
723456
723323
723691
723612
723424
723958
723320
723912
723849
723647
723353
723676
723255
723675
723352
723467
723521
723343
723633
723861
723791
723860
723611
723832
723263
723956
723373
724554
724664
724168
724102
724581
724140
724000
724247
724769
724691
724079
724599
724245
724682
724576
724006
724703
724568
724551
724543
724243
724566
724263
724367
724482
724701
724366
724351
724550
724219
724415
724228
724601
724081
724777
724416
724544
724573
724696
724141
725059
725489
725442
725299
724976
724836
724867
725063
724810
725184
725187
725230
725083
725439
725344
725307
725122
724979
724839
725188
724817
725330
725398
725244
725479
725364
725304
725182
725478
724829
725031
725096
725399
725373
725342
725246
725366
725081
724988
725037
725444
725129
725039
724870
724853
725229
725092
725446
726130
725571
725696
725607
725632
725515
725974
725712
725863
725835
725979
725770
725566
725762
725865
725995
726022
725546
726147
725557
725613
725578
725895
725547
725952
726114
725808
726092
726101
725993
725989
726108
725575
725570
725898
725737
726161
725977
726091
726576
726850
726268
726324
726264
726711
726732
726330
726393
726361
726794
726724
726671
726417
726852
726556
726342
726548
726243
726301
726765
726744
726640
726782
726547
726735
726199
726748
726453
726192
726612
726780
726793
726267
726344
726723
726452
726350
726729
726401
726649
726237
727464
727507
727568
727496
726904
727590
727268
727511
726918
727277
727542
726985
727455
727143
727615
727323
727559
727616
727541
727174
727289
727337
727490
726988
727461
727205
727269
727194
727626
727576
727488
727551
727335
727182
727199
727645
727532
727453
727206
727550
726989
727505
727300
727004
727171
727202
727321
726882
726973
726919
728429
728372
727718
728123
727830
728371
728326
728181
728183
727742
728270
728135
728163
728354
728195
728228
727954
728207
727747
728141
728355
728434
728143
727898
728005
728139
728386
727749
727771
727908
727822
727744
728267
727772
727792
728394
727888
728209
728229
728324
728389
728048
728402
728433
727820
728381
728278
728256
728119
728031
729201
728490
729166
728952
728888
729245
728698
729021
729249
728949
729253
728931
729267
729079
728642
728613
729083
728558
728846
729157
728692
729160
728776
728519
728650
729066
729262
729251
728980
729163
728474
729085
728615
729244
728486
728660
729141
729283
729067
728930
728862
729180
729212
729118
729034
729032
729214
728473
728914
729282
729144
728981
729248
728885
729052
728848
728556
729265
728996
728687
728950
728939
729156
728768
729384
729448
729791
729358
729355
729817
729792
729514
729833
729436
729827
729391
729857
729544
729711
729441
729381
729912
729982
729657
729829
729875
729547
729659
729927
729549
729447
729862
729970
729454
729965
729931
729484
729610
729636
729485
729818
730516
730558
730712
730780
730563
730585
730495
730720
730515
730593
730623
730381
730144
730496
730282
730096
730311
730524
730652
730584
730074
730065
730332
730388
730492
730544
730667
730599
730133
730538
730254
730147
730215
730135
730246
730404
730264
730589
730195
730087
730436
730625
730175
730214
730566
730668
730265
730283
730537
730567
730523
730170
731061
730947
730878
730814
731250
731062
731121
731142
731439
731164
731213
731145
730968
730931
731044
731294
731217
731440
731399
730870
731202
730904
730872
731345
731356
731069
730984
731273
730951
731209
730832
730983
731046
731427
730824
731416
731350
731429
731212
731041
731398
730881
731072
731083
730913
731306
731118
730969
731262
730829
730827
731248
731891
731979
731778
731986
732194
732110
731956
732180
732021
732032
732143
731975
732006
731876
731930
731914
732049
731909
732147
731701
731950
731561
731863
732168
731936
732141
731621
731666
731646
731864
731872
731545
732016
731577
731659
731750
731578
732070
731984
732111
731811
732004
731675
732067
732075
731932
731619
731957
731694
731996
732152
731949
731812
732182
732173
732887
732843
732640
732856
732383
732725
732522
732353
732855
732641
732726
732523
732532
732685
732656
732446
732693
732278
732629
732327
732430
732299
732613
732515
732301
732382
732352
732428
732889
732729
732708
732468
732846
732950
732658
732224
732336
732276
732638
732526
733565
733350
733743
733499
733689
733107
733675
733414
733510
733596
732980
733168
733321
733552
733616
733511
733540
733595
733519
733351
733255
733670
733535
732976
733303
733315
733152
733182
733681
733098
733536
733110
733325
733746
733588
733725
733053
733618
733167
733048
733723
733423
733142
733387
733713
733150
733611
733166
733287
733075
733586
733145
733390
733125
733691
733520
733455
733684
733494
733096
733126
733212
733848
733815
734019
734347
733807
734259
734498
734452
734178
734042
734110
733816
733974
734370
734193
734471
734399
734443
734390
734455
734473
733798
733760
734277
734421
734429
733843
734366
733919
734137
733924
733910
733838
733847
734349
734419
734424
734256
733956
734023
733780
733911
734425
734458
734122
734278
734395
734291
734451
734074
734819
734835
734978
735217
734855
735123
735173
735112
734758
734656
735113
734670
734757
734686
734801
735155
734720
735148
735306
734923
735117
735222
735149
734800
735054
734964
734736
734555
735105
734559
734538
734534
735131
734900
734950
734783
734589
734575
734753
735300
734587
734989
734735
734811
734592
734834
734958
735193
735170
734604
734676
735055
734608
735136
734810
734988
735307
734593
734831
735896
735876
735440
735355
735353
735439
736000
735333
735724
735902
735871
735859
735755
735344
735513
735893
735986
735904
735412
735719
735855
735457
735702
735579
735775
735967
735835
735715
735409
735523
735966
735573
735959
735461
735676
735365
735731
735678
735449
735915
735462
735616
735359
735529
735586
735327
736110
736144
736031
736691
736283
736479
736779
736736
736237
736680
736111
736322
736556
736377
736710
736516
736091
736163
736686
736482
736550
736036
736331
736685
736221
736443
736664
736655
736800
736699
736402
736663
736444
736245
736203
736087
736126
736286
736737
736145
736799
736783
736125
736235
736180
737409
737532
737479
736888
737266
737208
736960
737499
737085
737385
737054
737229
737005
736921
736978
737577
736990
737339
736936
737163
737279
737580
737321
737371
737495
737120
737287
737475
737149
737573
736864
737340
737283
737399
737259
736812
736862
737579
737020
737486
737093
737393
737177
736855
737373
737343
737075
737309
737242
737323
736853
736980
737284
737572
737497
737344
736890
737074
737346
736963
736859
737407
737654
737737
738106
738011
737960
738137
737740
738016
738145
738329
737742
738054
738297
738146
738260
737800
738017
737718
738056
737829
737857
737945
738076
737809
737843
738135
737874
738002
737902
738147
737678
737879
737675
738306
738292
737656
739045
738613
738556
738915
738681
739052
738737
738992
738885
739076
738723
738639
738891
738658
738749
738945
738612
738828
738381
738562
738686
738944
739005
738918
738869
738456
738882
739003
738523
738458
738555
738473
738439
738578
738879
738991
738826
738371
738438
738929
738360
738430
738881
738764
738466
738845
738838
738382
738685
738350
738657
738714
738691
738663
739269
739201
739813
739652
739340
739532
739542
739737
739280
739464
739693
739533
739235
739585
739698
739366
739373
739567
739763
739381
739517
739744
739493
739750
739548
739601
739203
739762
739199
739695
739347
739489
739740
739699
739171
739294
739611
739220
739465
739519
739276
739110
739549
739625
739225
739237
739632
739600
739591
739172
739423
739226
739350
739642
739736
739480
740452
739950
740526
740193
740226
740157
740256
740437
739962
740225
740431
740306
740141
740530
740581
739843
739825
740572
740388
740254
740112
740235
740269
740506
740389
740582
740137
739945
740439
739956
740179
740447
740113
740128
740194
739867
740035
739865
739976
740444
740407
740340
740573
739949
739889
740429
740142
740377
740341
740751
741006
741278
741253
740721
741273
740899
740625
740786
740788
740729
741076
740905
741340
740658
740627
741323
740822
741012
741113
741032
740724
740768
740657
740746
741043
741151
740897
740825
741153
741254
740823
740758
740588
741021
741111
740757
740585
741100
741018
741046
740881
740844
741144
741221
740886
741324
741899
741513
741642
741929
742102
741802
742117
741667
741403
741808
741875
742070
741827
741754
742127
741887
741631
741931
741420
741475
741454
741943
741447
741901
741438
741400
741988
741881
741693
741831
742131
741911
741974
741437
741418
741546
742113
741964
741706
742025
742143
741558
741946
741457
741995
741372
741617
741504
742023
741963
741461
741675
741908
741751
741445
741687
741456
742075
741414
741503
741534
742558
742487
742642
742686
742344
742587
742220
742300
742245
742655
742607
742656
742674
742301
742330
742634
742365
742837
742840
742256
742570
742598
742608
742528
742659
742700
742366
742215
742370
742174
742364
742643
742223
742866
742481
742161
742333
742216
742953
742425
742877
742605
742231
742369
742524
742703
742860
742232
742560
742750
742856
743179
743483
743356
742967
743490
743503
743598
743355
743050
743430
743263
743330
743504
743476
743327
743297
743593
743055
742992
743487
743397
743120
743516
743624
743298
742993
743481
743448
743549
743326
743521
743548
743228
743349
743437
743454
743071
743471
743457
743073
743243
742995
742981
743595
743111
743608
743477
742965
743230
743150
744332
743743
744281
743744
744343
744179
743717
744175
744302
744076
744152
744137
743987
744355
743963
743674
743751
743756
743755
744258
744135
744077
744066
744012
744091
744205
743767
744133
743901
743686
743760
743678
744361
744279
744207
744022
744251
744129
744304
743727
743807
744262
744255
744078
743734
743733
744130
744375
744016
744982
744803
745068
744847
744449
745165
745100
744644
744672
744959
745127
744610
744768
744521
744960
744594
745102
744788
744888
744510
744592
744425
744760
744838
744807
744443
744980
744603
744832
745064
744889
744530
745105
744743
744598
745003
745125
744809
744518
744645
745172
745164
745706
745392
745494
745688
745668
745410
745265
745930
745646
745493
745932
745282
745269
745846
745533
745306
745683
745673
745916
745975
745784
745721
745712
745516
745544
745496
745645
745857
745435
745625
745471
745228
745459
745861
745956
745713
745672
745776
745570
745529
745540
745949
745281
745549
745469
745769
745511
746256
746608
746029
746583
745998
746492
746685
746459
746673
746076
746197
746381
746623
746103
746417
746605
746708
746360
746493
746512
746028
746715
746132
746229
746075
746105
746500
746618
746690
746624
746675
746757
746593
746178
746510
746117
746474
746504
746620
746248
746584
746505
746671
746196
746790
747411
747198
747281
747547
746931
747229
747385
747383
747190
747382
746962
747194
747021
746817
746767
747380
747192
747221
747272
747157
747545
746933
747237
747285
747239
746801
747165
747430
747268
748033
747980
747626
747935
747885
747712
747751
748202
747795
747916
748016
747897
747971
747982
748205
747715
747604
747757
747759
747942
747579
748164
747929
747750
748080
747881
747901
748104
747730
748237
747956
747732
747607
748641
748938
748739
748537
748706
748877
748522
748574
748263
748318
748857
748738
748875
748903
748916
748384
748385
748543
748744
748707
748590
748480
748577
748642
748550
748872
748549
748558
748315
748521
748855
748658
748824
748728
748421
748331
748626
748752
748973
748943
749638
749511
749474
749046
749243
749570
749100
749791
749577
749292
749489
749531
749365
749249
749409
749654
749441
748995
749512
749347
749558
749090
749610
749022
749801
749244
749503
749338
749367
749671
749228
749575
749645
749534
749641
749208
749366
749502
749650
749040
749504
749023
749744
749488
749538
749055
749201
749028
749000
749521
749720
749552
749606
749513
749412
749027
750388
749897
749905
750103
749881
750264
749843
750547
750056
749980
750015
750087
749896
750497
749937
750252
749967
750545
749958
750062
749966
750383
749974
750259
750018
750586
749919
750261
750467
749920
750397
749995
749954
749874
750382
749982
750442
749997
750465
750429
750587
749891
749892
750137
750441
749842
749981
751270
751037
751141
751420
751361
750865
751098
750857
750976
751250
751127
750701
750742
751128
750605
750979
751038
750721
750728
750842
751249
750766
750727
751431
751340
751381
750765
750676
750833
750759
750864
750647
751053
750738
751030
750813
751308
751132
751181
750737
750677
751054
751426
750998
750856
751380
750734
751137
751272
751100
751039
750829
750720
751254
750733
751146
751941
751991
751506
751710
751959
751743
752064
752184
751966
751443
751535
751505
751651
751609
751734
752153
752081
751667
751849
751931
751908
752100
751610
751988
751877
751462
751581
751866
751904
751737
752031
752101
751949
751888
751953
752152
752035
751969
751741
751955
752068
752066
752098
751468
751534
751700
752052
751880
751939
752366
752307
752840
752208
752623
752494
752918
752220
752885
752255
752367
752276
752296
752520
752351
752547
752437
752890
752879
752352
752369
752677
752361
752896
752512
752232
752894
752709
752630
752201
752298
752708
752341
752945
752830
752681
752741
752916
752875
752225
752631
752633
752502
752962
752338
752275
752309
752388
752963
753089
753055
753374
753117
753528
753752
753073
753584
753035
752984
753441
753214
753680
753672
753267
753411
753349
753434
753330
753034
753413
753570
753523
753357
753405
753630
753078
753676
753269
753086
753527
753316
753288
753087
753373
753642
753629
753572
753700
753531
753670
753548
753720
753522
753329
753708
753714
753294
753077
753075
753549
753202
753791
753835
754180
753925
753820
754087
753921
754074
754470
753868
753836
754141
754529
754105
754469
753972
754329
754417
754121
753784
753924
754113
754125
753818
754000
754330
753869
753778
754308
754355
753801
754314
754014
754484
754466
754365
754482
754527
754160
754845
754713
754730
754905
754610
754731
755246
754949
755109
755254
755138
754873
755219
755159
754946
755154
755075
755237
754727
754974
755245
755066
754607
755077
754906
754580
754846
755231
755224
755067
754888
754925
754726
755230
754624
754827
755135
755695
755396
755934
755293
755449
755552
755529
755738
755853
755528
755799
755658
755399
755963
755453
755693
755794
755962
755378
755584
755733
755915
755935
756003
755660
755621
755596
755418
755583
755793
755855
755732
755270
755800
755294
755752
755864
755551
755860
755627
755539
755406
755653
755381
755819
755291
756156
756654
756069
756426
756645
756341
756462
756666
756144
756232
756770
756135
756558
756657
756669
756754
756316
756124
756722
756660
756662
756293
756123
756214
756753
756297
756611
756041
756556
756209
756367
756317
756088
756068
756768
756438
756064
756667
756338
756056
756133
756613
756055
756154
756145
756677
756240
756966
757440
757157
757432
757145
756910
757303
757003
756973
757338
757501
757258
757470
757263
757244
757278
757144
757271
757331
757250
757334
757491
756939
756815
757330
756981
756976
757078
757160
757192
757447
757341
757070
757417
756803
757469
757161
757216
757210
757431
757304
757436
757065
756962
757082
756853
757239
756941
757007
756894
756912
756921
757255
757119
757416
757629
757816
758105
757660
758186
758011
758148
758020
758176
757874
757637
758150
757541
758114
757936
757895
757882
758162
757603
757627
758029
757602
757711
757866
757691
757674
757661
757552
758207
758137
758209
758252
757753
758180
757670
758112
757893
758014
757815
758091
758143
758103
757914
757669
757767
759058
758951
758633
758894
758463
758485
759027
759017
758404
758402
758270
758331
758373
758945
759024
758592
758296
758639
758460
759020
758708
758933
758651
758874
758518
758316
758776
758337
758343
758602
758905
758426
758599
759018
758622
758521
758656
759041
758935
758990
758313
758453
758636
758310
758268
758424
758660
758340
759035
758332
759060
759037
758376
758444
759142
759636
759644
759741
759789
759489
759252
759415
759267
759804
759492
759638
759247
759134
759271
759673
759787
759157
759442
759249
759279
759145
759448
759254
759119
759618
759245
759283
759488
759648
759099
759755
759406
759101
759393
759265
759805
759138
759121
759163
