638753
638174
638199
638539
638302
638536
638180
638108
638714
638602
638185
638377
638717
638665
638323
638378
638122
638120
638643
638589
638198
638309
638172
638597
638170
638616
638164
638664
638093
638705
638303
638755
638357
638614
638641
638758
638510
638301
638146
638555
638269
638768
638417
638349
638603
639137
639332
639330
638996
638941
639340
638887
639048
639265
639366
639410
639261
639172
638866
639187
639193
639168
639073
639050
638943
639323
639411
639100
639464
639353
639269
639270
638846
639138
638957
639267
639094
639165
639383
639173
639001
639443
638813
639287
639695
640059
639751
639575
639713
639884
639578
639627
639706
640203
639932
640229
640067
640149
639966
639875
639747
639925
640213
639924
640195
639852
640244
639998
639756
639865
639624
639864
640011
640037
640139
639853
640101
639786
640188
639883
640237
640246
640212
640073
639790
639763
640200
639705
639717
640140
640202
640238
639678
639590
640010
640191
640230
640089
640061
640063
639964
640757
640928
640627
640804
640623
640451
640511
640949
640413
640550
640952
640441
640827
640882
640881
640287
640285
640615
640520
640508
640452
640910
640751
640416
640338
640829
640807
640725
640586
640723
640838
640855
640546
640596
640592
640851
640588
640622
640375
640336
640911
640589
640619
640863
640930
640351
640393
640598
640883
640409
640549
640584
640292
641666
641054
641592
641056
641218
641626
640978
641402
641047
641338
641714
641347
641426
641198
641392
641389
641473
641543
641660
641111
641313
641119
641605
641134
641350
641594
641092
640988
641166
641161
641449
641452
641719
641206
641632
641117
641427
641205
641276
641346
641249
641196
641361
641623
641093
641546
641415
641159
641400
640976
641604
641454
641463
641691
641044
641628
640996
640982
641612
641618
641077
641401
641617
641174
641032
641352
641131
641440
641659
641387
642058
642354
642170
642047
642019
642136
642122
642341
642069
642249
642247
642340
642212
642045
641915
642025
641727
641729
642148
642353
642056
642407
641775
641973
642020
642312
642369
642036
641919
641746
642139
642009
642053
642034
642189
641966
641922
642076
642257
642048
642211
641731
642120
641974
642547
642512
642498
642584
642927
642753
642782
642707
642922
642425
642448
642650
642939
643088
642945
643136
642500
642657
642863
642789
642583
643090
642637
642639
643099
642881
643098
642493
642755
642773
642649
642426
642505
642620
642434
642577
642934
642691
642952
642565
642723
642486
642879
642865
642724
643137
642514
643104
642986
642943
642928
642548
642443
643314
643356
643385
643455
643213
643277
643445
643509
643808
643547
643721
643817
643202
643535
643322
643735
643768
643823
643848
643615
643862
643349
643652
643784
643587
643350
643458
643386
643244
643272
643528
643842
643885
643840
643214
643887
643785
643769
643215
643715
643832
643589
643313
643546
643337
643892
643238
643719
643461
643734
643570
643653
643201
643515
643391
644402
644052
644501
644487
644471
644038
644507
644151
644426
644562
644484
644367
644481
644156
644411
644124
643935
644478
644434
644522
644029
643940
644338
644456
644035
644564
643997
644337
643950
644316
644318
644282
644058
644229
644056
644420
644147
644051
644511
644133
644460
644427
644503
644324
644011
643947
644153
643932
644393
643955
644417
644028
645216
644818
645049
645133
645135
645296
644821
645202
644719
644991
644830
645210
644845
645124
644872
644775
644827
645294
645310
645095
644943
644955
645209
644645
645299
645047
645197
645009
645060
645183
644959
644780
645311
645181
644718
645213
645215
644607
645005
645201
644834
644870
644609
645301
644774
644639
644650
645186
644657
644751
644705
645109
645167
644779
644701
645166
644642
645096
644990
645818
645937
646051
645922
645690
645425
645688
645853
645452
645375
645534
645383
645504
645872
645759
645535
645781
645739
645782
645348
645350
646049
645874
645502
645369
646135
646054
646105
645614
645902
645565
645854
645800
645884
645895
645938
645415
645341
645670
645821
646103
645342
645377
645592
645635
645591
645926
645429
645806
645381
645819
645351
646560
646696
646457
646650
646641
646563
646507
646505
646496
646746
646205
646322
646281
646202
646755
646727
646537
646769
646373
646257
646737
646420
646694
646829
646405
646261
646406
646770
646369
646179
646830
646640
646253
646531
646741
646245
646522
646254
646242
646519
646754
646739
646323
646277
646644
646164
646583
646197
646852
646258
646848
646734
647094
647331
647014
646887
647099
646873
647353
647155
647177
647080
647098
646968
647272
647495
647497
647339
647464
647096
646966
647237
647413
646915
647554
647081
647351
647273
647540
646912
646931
647409
647253
647378
647323
647277
647421
647188
647408
647333
647493
647422
647001
647150
647116
646918
646922
647280
646928
647043
647348
647078
647908
648073
647631
648024
648125
648155
647869
647838
647625
648116
647629
647972
648020
647754
647752
648217
647568
648089
647863
647650
647970
648154
647837
648122
647607
647932
647738
647924
647817
648036
648145
648149
647820
647564
648231
647646
648001
648067
647854
648163
647637
648084
648218
648143
647604
648009
647870
647678
648607
648631
648836
648432
648501
648534
648410
648708
648499
648750
648806
648617
648662
648688
648319
648922
648333
648301
648559
648414
648674
648921
648423
648280
648625
648641
648748
648433
648711
648497
648285
648496
648620
648671
648906
648575
648892
648332
648664
648753
649005
649163
649313
649229
649612
649333
649420
649291
649195
649431
649161
649203
649117
649455
649634
649110
649501
649230
649106
649263
649511
649215
649144
649580
649502
649199
649138
649630
648942
648973
649464
649012
649270
649202
649334
649509
649441
649009
649643
649629
649076
649207
649528
649611
649290
649429
649206
649579
650250
649750
650322
650251
650164
650259
650139
650223
649832
649740
650363
650191
649837
650299
649795
649704
650163
650345
650238
650317
649820
650195
650303
650170
650140
650336
650222
649739
649711
650171
650192
649868
650323
650309
649935
650276
650022
649755
650182
650278
650017
650320
650019
650258
649961
649742
650362
650527
650703
650664
650962
650439
650795
650665
650459
650563
651019
650381
651035
650572
651034
650441
650706
651087
650589
650960
650586
650710
650656
650797
650675
650801
651039
650565
650972
650442
650700
650989
650766
650585
650704
650437
650592
651012
650604
650536
651089
650707
650684
650680
650384
651014
650455
650625
650697
651715
651184
651434
651742
651736
651608
651693
651702
651320
651158
651190
651528
651613
651772
651591
651646
651435
651396
651308
651207
651714
651446
651744
651416
651488
651755
651474
651599
651489
651277
651773
651164
651469
651756
651270
651674
651149
651183
651361
651734
651314
651281
651523
651657
651394
651731
651315
651187
651732
651597
651195
651692
651167
651614
651192
651256
651700
651695
651644
651960
652312
652522
652400
652367
651996
652457
652344
651901
651863
651992
652216
652228
652472
652423
651948
651900
651951
651947
652219
652197
652398
652018
652422
652193
651925
652094
652401
652017
651887
652306
651895
651859
652456
652305
652330
652095
651924
651816
652348
652229
651990
651864
652105
651861
651857
651909
651811
652155
651913
651872
651954
652298
652303
651880
652249
652513
651995
652194
652585
653095
652663
653085
652798
652662
653053
652760
652535
652694
653090
653105
653097
653101
652908
652627
652761
652550
652838
652597
652583
652656
652712
652777
653038
652790
652800
652541
652546
652633
652909
652948
653140
652589
652655
652556
652768
652813
652784
652752
652749
652779
652710
652789
652695
652983
653016
652832
652549
652579
653138
652594
652812
653303
653780
653635
653317
653419
653600
653422
653590
653395
653753
653410
653292
653809
653503
653614
653517
653328
653792
653843
653911
653314
653895
653551
653668
653749
653516
653642
653438
653761
653810
653468
653842
653765
653818
653735
653504
653766
653293
653337
653403
653637
653815
653252
653435
653781
653469
653302
653901
654134
654474
654296
654419
654383
654516
654330
654408
654406
654181
654542
654498
654367
654446
654159
653931
654564
654545
654392
654093
654462
653968
654120
654550
653937
654169
654015
654544
653947
654121
654107
654177
654472
653995
654360
654394
654249
654548
653961
653927
654265
653973
654167
654158
654098
654109
654223
654002
654747
654776
654941
654831
655223
654940
654708
654653
654685
655089
655349
654784
654888
655083
654986
655185
655021
654783
655080
655029
654951
654890
654894
655221
655236
654979
654833
655265
655326
654742
654705
655256
654687
655358
655074
654754
655053
654989
654751
655285
655152
654984
655051
654823
655088
655176
655034
655030
655327
655017
655288
655406
655805
655558
655906
655502
655974
655516
656067
655665
655973
655706
656052
655842
655584
655532
655707
655525
655393
655907
655723
655647
655699
655855
655785
655925
655655
655837
655395
655620
655784
655568
655408
655590
655592
655507
655730
655531
655728
655405
656027
655807
655856
656024
655539
655529
655569
655400
655892
655461
655501
655700
655827
655664
655478
656673
656344
656478
656311
656543
656700
656587
656333
656497
656260
656418
656323
656656
656178
656644
656560
656351
656321
656368
656383
656671
656119
656313
656234
656465
656509
656652
656559
656608
656525
656275
656526
656276
656751
656603
656510
656223
656634
656357
656521
656750
656586
656523
656462
656367
656332
656495
656645
656145
656605
656308
656609
656702
656387
656646
657394
657053
657358
657068
657437
656875
657124
657295
657198
657132
657122
656887
657268
657354
657129
657248
657398
657252
656771
657011
657356
656935
657341
657066
657121
657006
657088
657361
656779
657266
656925
656926
657127
656837
657033
657247
657239
657254
657093
656882
657325
656900
657051
657368
656798
657280
657037
656881
657363
657323
657388
657087
657146
656785
657436
657400
657366
656938
657850
657551
658176
657626
657607
658120
658129
657857
658148
658105
657822
658083
657576
657574
657486
657644
657827
657981
658150
657831
657588
657730
657561
657937
657994
657587
657649
657773
658027
657444
657605
657851
657946
658101
657973
658090
658182
657820
657559
658130
657628
657815
657950
658162
657737
657849
657619
658033
658077
658092
658104
657552
658078
657837
657667
658069
657824
657974
657653
657668
657732
657642
658447
658453
658676
658290
658598
658278
658865
658393
658499
658578
658439
658703
658648
658541
658756
658688
658566
658496
658399
658441
658572
658283
658570
658539
658451
658808
658763
658231
658446
658407
658764
658677
658814
658390
658495
658565
658460
658510
658637
658438
658809
658364
658440
658502
658195
658681
658423
658363
658558
658316
658596
658811
658313
658670
658639
658672
658505
658190
658400
658386
658687
658490
658863
658325
658705
658577
658870
658280
659375
659417
659108
659316
659450
658921
658923
658954
659485
659386
659009
659301
659051
659016
659229
659061
659482
659145
659439
659004
659481
659388
659010
659323
659111
659052
659393
659159
659416
659228
659149
659030
659206
658911
659330
659510
659233
659352
659231
659534
659318
659508
659032
659376
659201
659060
659486
659093
659326
659449
659174
659058
660114
659766
660157
660078
659669
659573
660151
660087
659654
659665
659776
660027
660064
660175
660207
659889
659895
660212
660169
659821
659858
660080
660035
659570
660259
660179
660177
659719
659949
660276
660059
659733
660141
659822
660274
660226
660140
660117
659973
660266
659594
659704
659765
659956
659656
660260
660264
659689
659971
660166
659888
659786
660155
659724
660208
660180
660125
659879
659782
659966
659577
659731
659802
660158
660840
660431
660854
660515
660941
660595
660786
660366
660375
660704
660847
660425
660708
660499
660749
660388
660537
660394
660413
660688
660578
660602
660533
660559
660867
660709
660367
660958
660412
660508
660689
660822
660564
660839
660909
660438
660947
660437
660961
660856
660942
660824
660631
660633
660606
660846
660868
661079
661405
661396
661365
661158
661184
661315
661598
661575
661520
661089
661664
661118
661372
661652
661273
661551
661533
661051
661404
661274
661615
661045
661423
661493
661364
661470
661078
661187
661316
661394
661115
661402
661552
661571
661026
661663
661295
661397
661381
662059
662008
662094
661745
662081
662144
661756
662152
661711
661981
662104
662300
661854
661693
661825
661864
661731
662357
662347
661744
661742
661771
661782
662146
661752
661967
661729
661863
661992
662361
662096
661990
662349
661877
662060
661767
661697
662223
661982
661770
662105
662014
661885
661757
661892
661894
662416
662489
662398
662561
662825
662854
662455
662551
663067
662831
663009
662648
662579
663059
663018
662989
662435
663014
663097
662595
663101
662618
662775
662431
662954
662586
662832
662454
662563
662530
662566
662394
662496
662580
662647
662389
662988
662585
662689
662536
662923
663062
662810
662922
663069
663125
663712
663584
663826
663286
663504
663508
663814
663512
663751
663272
663675
663732
663321
663541
663731
663568
663776
663292
663183
663130
663465
663203
663274
663540
663689
663376
663570
663466
663349
663617
663519
663132
663391
663199
663743
663597
663773
663468
663521
663379
663442
663710
663438
663600
663287
663407
663668
663672
663240
663126
663328
663756
663606
663842
663926
664107
663993
664137
664192
664245
664268
664522
664171
664298
664410
664071
664217
664459
664265
663949
663862
664104
664216
664406
664231
664411
664276
663954
664399
664196
663845
663931
664460
664244
664484
664198
664430
663903
664233
664169
663889
664323
664297
665135
664661
664888
664969
664645
664898
664870
664821
664757
664655
664743
664714
664823
664600
665142
664762
664956
665179
665104
664916
665059
664812
664663
665057
664960
664573
664907
664975
664868
664667
664557
664559
664925
665174
664653
664602
665141
664789
664673
664671
664561
664606
664646
665117
665134
664827
665106
664911
664662
664976
665114
664715
664861
664654
665184
664610
665173
664934
665236
665262
665618
665319
665477
665337
665623
665750
665794
665720
665444
665470
665547
665682
665848
665483
665592
665730
665467
665722
665447
665512
665233
665210
665583
665816
665777
665464
665712
665714
665615
665510
665489
665238
665767
665212
665371
665534
665791
665501
665243
665706
665449
665709
665796
665383
665338
665584
665490
665681
665620
665799
665765
665664
665614
665807
665245
665667
665475
665814
665372
665753
665729
665465
665711
665540
665287
666159
665927
666390
666299
666448
666220
666385
665878
666190
666344
665913
666230
666221
665976
666187
665959
666218
666131
666034
666391
666496
666445
666421
665876
666504
666189
666086
666495
666224
666018
666419
666338
666327
666176
665975
666337
666345
665929
666384
666089
666119
665985
665960
666136
666298
666229
666622
666611
666760
666619
666705
666696
666965
667142
666985
666921
666900
666811
666588
666609
667023
666926
666889
666874
666863
666594
666637
667169
666684
666583
667058
667155
666602
666700
667036
666758
666601
666728
666852
666896
666849
666596
666963
666810
666585
666920
666573
667053
666817
667874
667552
667903
667557
667823
667848
667507
667660
667581
667843
667562
667924
667281
667794
667696
667487
667270
667564
667835
667840
667579
667611
667759
667910
667444
667295
667287
667818
667451
667504
667602
667510
667522
667676
667438
667440
667655
667395
667647
667662
667488
667260
667677
667851
667550
667361
667630
667556
667822
667763
667450
667837
667575
667571
667701
667566
667788
667469
667288
667707
667732
667382
668445
668014
668237
668490
668578
668574
668119
668334
668287
668411
668514
668202
668566
668314
668267
668534
668252
668537
668091
667984
668210
668337
668609
668349
668032
668208
668031
668590
668630
668241
668552
668533
668311
668107
668595
668286
668608
668604
668513
668291
668443
668293
668028
668333
668558
668542
668576
668189
668322
668336
668602
668261
668094
668632
667953
668246
668110
668170
668550
668536
667983
668884
669061
668815
668769
668899
668734
669080
668765
668953
669206
668731
668801
669129
668952
669203
668780
668728
668827
668857
668842
669028
668817
669191
668799
668856
668845
669027
669078
668826
668955
668710
668882
668933
668930
669257
668865
669144
669037
669059
668677
668669
669170
669091
668937
668696
669259
668760
669114
668970
668889
668733
668847
669769
669711
669548
669489
669725
669563
669996
669806
669815
669850
669908
669768
669530
669476
669870
669487
669523
669823
669713
669729
669997
669386
669868
669865
669522
669653
669735
669839
669583
669808
669677
669339
669560
669418
669529
669907
669549
669651
669879
669904
669557
670570
670600
670218
670435
670525
670228
670431
670385
670682
670769
670294
670768
670669
670229
670392
670458
670394
670793
670254
670383
670120
670691
670592
670713
670133
670172
670731
670132
670419
670524
670536
670686
670125
670093
670063
670535
670486
670783
670164
670051
670531
670485
670735
670073
670123
670428
670618
670309
670786
670457
670591
670113
670268
671466
671301
671546
670815
671089
671531
671180
671020
671452
670825
671039
671141
671200
670813
670964
671095
671294
670929
671451
671502
671524
671519
671464
671299
670823
671010
671302
671323
670976
671529
671446
671353
671520
671037
671236
671460
670811
671245
671008
670822
671527
670862
670898
671187
671164
670872
670826
670874
671321
671199
671288
671379
671545
670816
671308
671234
671168
672209
672154
672142
671638
671674
671573
671833
672214
671883
671570
671857
671863
672011
671597
671860
671565
671641
672046
672063
672031
671560
671773
671577
671761
671652
671665
672239
672227
671713
671628
671798
671596
671774
671918
671952
671739
671890
672151
671747
671703
671946
672160
671651
672241
672362
672291
672705
672843
672506
672426
672338
672591
672835
672722
672510
672253
672468
672669
672477
672600
672320
672892
672641
672513
672464
672681
672919
672800
672876
672801
672509
672860
672723
672589
672653
672903
672918
672842
672805
672826
672700
672839
672858
672360
672781
672654
672247
672580
672319
672957
673212
672949
673561
673535
673278
673124
673348
673026
673416
673523
673510
673127
673015
673509
673114
673438
673253
673235
673228
673285
673588
673507
673604
673034
673534
672980
673550
673400
673483
673595
673025
673232
673081
673506
673619
673316
673112
673480
673576
672948
673600
673214
673350
673567
673516
673298
673475
673563
673123
673021
673524
673194
673198
673402
673092
672982
673569
673552
673099
673062
673078
674230
674002
673685
673991
673847
673710
673992
673841
674053
673899
673634
673679
673929
673652
673743
673761
674175
674184
673672
674141
674054
673653
673737
673628
674102
673956
673998
673673
673763
673859
673678
674232
673709
673744
673915
674170
674959
674360
674489
674901
674520
674385
674791
674423
674811
674535
674712
674710
674511
674680
674560
674508
674532
674578
674459
674595
674741
674870
674777
674946
674719
674865
674806
674639
674725
674492
674728
674962
674667
674531
674708
674593
674391
674561
674363
674834
674416
674788
674579
674760
674696
674671
674833
674738
674384
674922
674544
674780
674341
674336
674679
674694
674790
674683
674717
674902
674521
674393
675698
675557
675324
675670
675728
675435
675543
675528
675209
675708
675626
675357
675354
675529
675445
675257
675211
675700
675084
675142
675094
675062
675627
675589
675286
675384
675103
675360
675394
675152
675692
675691
675197
675230
675756
675595
675449
675669
675245
675436
675204
675264
675561
675248
675059
675747
675218
675390
675055
675295
675723
675727
675757
675080
675359
675592
675075
676085
676335
676082
676446
676186
675832
675922
676175
675883
675850
676458
676254
676357
675830
676177
676321
675787
675958
676451
675900
675834
676334
676427
675819
676115
675910
675870
676123
675786
675909
676358
675963
676221
675949
676252
676229
675950
676322
675940
676902
676537
677195
676805
676677
676857
676924
676670
676793
676517
677203
676813
676809
676977
677118
677126
677007
676835
676539
677111
677136
676843
676807
676916
676606
676602
676965
676672
677110
677067
677132
676927
677207
676668
676620
677154
676619
676502
676922
676521
677117
676923
676632
676741
676610
676791
677011
677155
676651
676593
676856
676747
677119
676589
677065
676575
677692
677468
677585
677444
677446
677531
677386
677398
677488
677376
677227
677709
677744
677230
677693
677354
677400
677544
677698
677360
677534
677330
677295
677443
677486
677387
677355
677526
677827
677219
677317
677800
677852
677551
677472
677742
677297
677492
677328
677229
677660
677748
677586
678446
678420
678489
678575
678419
678030
678204
678276
678013
678297
678293
678386
678414
678456
678248
678234
677970
678290
678201
678144
678138
678417
678045
678347
678244
677985
678016
678156
678287
678299
678208
678513
678202
678397
678412
678152
677991
678044
678514
678320
678346
678301
678268
678097
678433
678076
677930
678135
678160
678102
678551
678522
677937
678291
678233
678554
678257
678015
678867
679090
679315
679065
679169
679205
679115
678972
678885
678719
679309
679240
679213
678728
678694
679123
678765
678671
679093
679357
679038
678804
679244
678653
679297
678767
679215
678965
678665
679085
679143
679082
679232
679331
679252
678640
679313
678774
678785
679255
678650
679275
678805
679229
679829
679932
679966
679505
679899
679458
679841
679839
679446
679555
679733
679375
679632
679469
679378
679457
679708
679646
679382
679974
679514
679693
679904
679651
679696
679965
679664
679650
679579
679581
679627
679397
679557
679669
679972
679815
679976
679644
679931
679470
679507
679381
679905
679816
679603
679734
679750
679400
679830
679737
679614
680422
680666
680456
680773
680596
680446
680139
680576
680267
680622
680828
680451
680282
680101
680845
680526
680186
680220
680102
680281
680449
680391
680743
680462
680729
680598
680290
680454
680322
680528
680444
680141
680192
680532
680692
680435
680202
680742
680357
680799
680225
680193
680153
680426
680719
680704
680185
680801
680145
680846
680562
680397
680588
680687
680353
680575
680390
680502
680360
680665
680246
680970
681374
681425
681427
681303
681483
681134
681174
681072
681179
681211
681036
681447
681101
681344
681468
681205
681112
681061
680991
681135
681326
681209
681243
681249
680964
681206
681094
680967
681203
681126
681100
681338
681304
681063
681391
681373
681467
681060
681293
680974
681444
680969
681319
681501
681216
681095
681588
681657
682182
682215
681929
681991
681950
682224
682207
681726
682012
681665
682036
681953
682058
681932
681941
681860
682214
682189
681751
682131
681994
681808
681873
681526
682132
682226
681867
681809
681844
681727
681895
681891
681753
682021
681871
681592
681911
682208
681527
681853
681815
681594
682035
682016
681767
681589
681651
682865
682893
682889
682276
682550
682762
682506
682432
682931
682693
682413
682604
682415
682535
682533
682612
682602
682668
682504
682745
682470
682585
682607
682812
682496
682312
682737
682431
682497
682763
682670
682818
682691
682697
682584
682676
682919
682870
682608
682589
682435
682495
682551
682727
682511
682392
682950
682753
682679
682869
682278
682726
682587
682623
682746
683439
683247
683119
683009
683018
683359
683012
683136
683414
683157
683161
683513
683497
683330
683013
683243
683340
683212
683371
683458
683079
683245
683000
683602
683213
683567
683354
683568
683413
682996
683310
683612
683369
683264
683618
683459
683286
683005
683640
683332
683219
683085
683174
683514
683601
683120
683484
683257
683581
683361
683357
683544
683620
683381
683638
683113
684151
684139
683911
684170
683693
683880
683666
683978
684183
684026
684236
683720
683733
684272
684211
683940
683738
683947
684168
683694
684277
684033
683936
684010
683961
684039
684217
684219
684341
684136
683922
683852
684029
684283
684012
684116
684141
684198
683885
683959
683745
683912
684284
683882
683861
683975
683762
684343
683864
684290
684209
684676
684948
684363
684772
684467
684723
684855
685038
684782
684913
684873
684456
684774
684857
684554
684988
684903
684883
684881
685032
684784
684719
684465
684999
684556
684893
684990
684840
684585
684519
684823
684455
684562
684632
684902
684591
684912
684675
684997
684452
684540
684917
684380
684712
684587
684700
685534
685754
685350
685505
685380
685554
685496
685328
685076
685103
685058
685316
685538
685294
685392
685141
685419
685262
685553
685075
685290
685756
685355
685582
685325
685412
685354
685357
685584
685140
685750
685486
685194
685506
685384
685923
686449
686467
685889
686448
686430
686179
686404
686397
685856
686111
686184
686361
686417
686498
685881
685994
685829
685949
685977
686427
685999
685981
686363
685852
685848
686202
686317
686315
685902
686177
686399
686113
685901
686266
686428
685992
686432
685855
685945
685873
685827
685982
686500
686659
687033
686979
686773
686558
686803
686919
687099
686642
686880
686986
687132
686911
686966
687116
687111
686891
686581
686577
686535
687201
687133
686663
686640
686759
686920
686912
686798
686889
686668
686952
687202
686595
686635
686892
686739
686631
686627
687117
686576
686795
687167
686750
686665
686539
687168
686586
686514
686963
686988
687097
687697
687331
687334
687465
687628
687301
687636
687876
687864
687686
687265
687798
687459
687487
687678
687810
687780
687262
687466
687396
687794
687677
687614
687667
687256
687488
687682
687808
687890
687865
687335
687898
687322
687665
687690
688408
688258
688317
688213
688086
688097
688184
687963
688372
688327
688329
688315
688208
688171
688483
688160
688226
688090
688481
688489
688151
688029
688228
688015
688043
688256
688062
688532
688088
688130
688017
688075
688033
688010
688438
688302
688238
688212
688185
688112
688236
688425
688207
688533
688370
688240
688490
688095
688092
688241
688491
688299
688034
689209
688764
689287
688677
689304
689135
688690
688712
689170
689039
688946
688990
689244
689001
689255
689312
689262
688722
689311
688846
689103
688996
688771
689241
688709
689305
688870
689221
689011
689033
688944
689000
688869
688667
689090
688849
689136
689093
688878
688872
689096
689169
689040
689218
689141
688851
688844
688689
689073
689149
689407
689470
689907
689604
689773
689488
689721
689587
689364
689411
689369
689730
689365
689361
689404
689813
689481
689895
689758
689409
689645
689439
689924
689612
689714
689372
689518
689602
689909
689720
689815
689927
689974
689400
689747
689438
689731
689893
689570
689629
689738
689759
689435
689509
689708
689524
689821
689772
689640
689923
689593
689868
689690
689746
689525
689734
689416
689972
689360
689511
690560
690151
690497
690401
690512
690334
690229
690247
690177
690655
690143
690021
690552
690413
690544
690200
690397
690423
690238
690246
690553
690335
690428
690506
690265
690144
690201
690664
690508
690452
690522
690425
690551
690235
690775
691206
691176
690864
691275
691022
691078
691046
691285
690859
691119
690928
690962
691025
690780
690834
690975
691151
691060
691117
690833
690918
691207
690996
691237
690979
691295
691286
690967
690801
691024
690992
690860
691175
691146
690917
690855
691001
691090
691240
690820
690779
691273
690878
691079
691290
691139
691063
691138
690929
691955
691357
691498
691427
691379
691374
691707
691455
691732
691795
691725
691432
691704
691995
691593
691384
692003
691601
691399
691604
691789
691696
691943
691542
691729
691397
691565
691371
691414
691794
691877
691550
691519
691676
691509
691600
691957
691695
691918
691403
691658
691376
691408
691420
691636
691923
691733
691521
691680
691517
691996
691637
691532
691880
691878
691591
691975
691668
692467
692341
692622
692498
692385
692750
692180
692344
692306
692333
692062
692228
692493
692579
692465
692773
692215
692245
692319
692582
692484
692379
692475
692382
692069
692259
692712
692355
692605
692238
692323
692476
692348
692722
692060
692237
692321
692300
692179
692145
692347
692068
692214
692328
692490
692249
692762
692774
692357
692263
692164
692724
692229
692386
692301
692482
692688
692714
692292
693369
692881
692828
692794
692810
693019
693102
692859
693471
693116
692943
693203
693291
693119
692814
693054
693418
692929
693069
693265
692882
693280
692800
693123
692924
693064
693438
692805
692909
693399
693115
693129
693053
693379
693412
693407
693293
693145
692916
693439
693035
692822
693282
693470
692838
693419
692989
692811
693695
694039
693921
693805
693619
693706
693681
694044
693964
693544
693562
693841
693550
693830
693927
693673
694129
693919
693961
693851
693540
693947
693925
694013
693729
693745
693829
694049
694037
693930
693694
693709
694086
693682
693849
693736
693991
693717
694045
693895
693950
694377
694592
694293
694613
694247
694694
694208
694354
694809
694675
694479
694285
694295
694224
694784
694781
694727
694244
694186
694769
694642
694593
694744
694539
694251
694393
694478
694720
694153
694695
694519
694200
694240
694580
694703
694743
694210
694636
694676
694528
694311
694450
694279
694349
694627
694537
694644
694522
694702
694469
694338
694329
694811
694814
694330
694345
694155
694722
694447
695324
695371
695136
695317
695315
695096
695250
695091
695222
695178
695376
695126
694901
695256
695461
694959
695368
694921
695363
694970
695149
695314
695177
695175
695319
694904
694917
695255
695362
694843
695432
694858
694870
695321
695145
695431
694861
695367
695095
695460
695411
695856
696175
696154
695803
695631
696138
695651
695954
695739
695541
695556
695833
696112
695566
696063
695778
695927
695640
695828
695705
696048
696050
695795
695688
695760
695612
695649
696086
695619
696178
696071
695648
695926
696110
695882
695857
695923
695565
695735
696062
695590
695630
695875
696156
696097
695995
695805
695633
696173
695994
696047
696084
695645
695989
695711
695642
695948
696306
696656
696497
696811
696395
696730
696267
696803
696390
696801
696369
696806
696217
696780
696523
696490
696616
696190
696479
696498
696333
696502
696653
696707
696285
696624
696679
696269
696862
696259
696393
696800
696272
696797
696304
696270
696623
696329
696367
696261
696403
696489
697376
697590
697556
697415
697035
697263
697215
697344
697385
697253
697526
697382
697405
697407
697223
697032
697551
697509
697564
697049
697442
697579
697113
697457
697455
697275
697277
697006
697233
697218
697336
697380
697391
697448
697345
697109
696952
697591
697580
697341
697254
697209
696978
697237
697557
696994
697597
696954
697446
697565
697815
698050
697976
698124
698106
698207
697652
697892
698045
697674
697634
697818
697849
698251
697884
697874
697903
697842
697783
697982
697857
698144
698146
698030
697964
697965
698191
698253
697848
697875
697721
698193
697851
698178
697704
697698
697945
698258
698052
698183
697880
697954
698257
698261
698206
697837
698133
697891
697647
698229
697904
697975
698180
697947
697814
698715
698839
698867
698762
698302
698428
698852
698569
698456
698850
698517
698541
698695
698777
698962
698920
698398
698692
698276
698331
698906
698712
698449
698576
698529
698783
698646
698415
698512
698649
698711
698919
698384
698548
698383
698303
698782
698400
698697
698580
698275
698429
698450
699055
699618
699395
699616
699363
699584
699366
699312
699296
699525
699292
699106
699559
698982
699346
699381
699348
699653
699530
698979
699001
699421
699305
699239
699062
699255
699376
699100
699357
699479
698972
699684
699259
699371
699198
699095
699606
699388
699472
699433
699423
699573
699365
699053
699369
699231
699314
699494
699683
699415
699375
699361
699405
699306
699372
699199
699417
699107
699531
699561
699524
699432
699476
699383
699506
699409
700012
700224
699891
699992
699994
700111
699710
700173
699738
700115
700257
700146
699744
699801
699840
700134
700148
699933
700254
700155
700074
700039
700151
699893
700160
700258
700026
700011
699719
699905
700058
699966
700278
699932
700253
700293
699918
699969
700056
700261
700228
699782
700279
699963
699883
700079
700659
700735
700703
700313
700670
700810
700660
700859
700647
700418
700989
700805
700597
700645
700344
700807
700916
700948
700575
700560
700690
700979
700858
700917
700502
700511
700324
700709
700624
700732
700482
700640
700415
700546
700710
700566
700417
700618
700483
700725
700576
700744
700506
700460
700816
700626
701551
701036
701195
701610
701420
701137
701603
701429
701536
701207
701615
701652
701389
701473
701613
701618
701357
701140
701484
701106
701698
701244
701269
701416
701282
701509
701471
701218
701483
701424
701242
701002
701363
701573
701111
701068
701157
701205
701136
701037
701555
701654
701050
701508
701026
701268
701023
701697
702228
701771
702146
701815
702108
702071
702379
702010
702115
701893
702416
702153
701795
702040
702288
702110
701960
702277
701758
702407
701765
702119
702339
701768
701812
701943
702150
702171
702145
702226
702009
702263
702246
702408
701764
702041
702053
701860
701862
702086
702281
702317
702320
702289
702072
702117
701770
701964
702286
701739
702089
701793
702270
703095
702587
703119
702489
702663
702444
702532
702853
702848
702566
702667
702465
702575
702682
702965
702622
702670
703097
702911
702813
703153
702963
702572
702578
702971
702484
702605
702927
702577
702569
702535
702912
702562
702606
702747
702519
702973
702846
702478
702716
702584
702990
702758
702814
703117
702531
702988
702592
702760
702987
702741
702938
702681
702803
702445
702827
702678
702801
703652
703857
703336
703585
703216
703847
703716
703369
703231
703758
703570
703661
703680
703828
703546
703281
703577
703649
703508
703596
703413
703845
703718
703841
703637
703836
703448
703599
703529
703837
703362
703592
703567
703271
703562
703209
703555
703600
703278
703551
703291
703214
703557
703868
703826
703761
703660
703755
703447
703360
703608
703569
703298
703327
703541
703533
703856
703289
703414
704041
704238
704313
703952
704235
704525
704005
704051
704284
703990
704178
704008
704007
704228
704118
703992
704200
704507
704339
704266
704386
703997
704487
704054
704268
704483
704162
704538
704535
704209
703993
704486
704203
704159
703999
704052
703951
704181
704337
704042
704271
704815
705109
704649
704893
704837
704677
704843
705196
704958
704832
704827
704702
704904
705199
705226
704978
704964
705114
704834
704915
704970
704657
705044
705143
704820
705103
704937
704751
705342
705341
705116
705332
704966
704845
705046
704706
704743
704651
704997
704895
705192
705293
705285
705105
704749
704936
704911
705218
704816
705108
705305
704909
705194
705243
704961
704906
705227
705482
705711
705818
705933
705402
705822
705416
705719
705934
705646
705608
705877
705589
705959
705845
705893
705602
705687
705921
705458
705441
705643
705679
705887
705721
705504
705562
705488
705843
706037
705493
705457
705870
705453
705651
706027
705399
706034
705440
705454
705920
705996
705962
705566
705960
705656
705415
705489
706044
706058
705438
705469
705533
705880
705882
705550
705725
705474
706036
705971
706026
706069
706327
706496
706441
706486
706743
706652
706415
706305
706159
706263
706448
706662
706491
706506
706237
706381
706772
706715
706750
706465
706502
706498
706532
706814
706379
706492
706198
706634
706192
706515
706667
706232
706461
706728
706651
706807
706503
706562
706414
706397
706443
706216
706677
706177
706716
706193
706460
706279
706183
706812
706505
706301
706252
706323
706615
706788
706561
706400
706756
707452
706882
707395
707486
707390
706879
707449
707252
707444
707428
707087
707370
707558
707181
707483
707135
707480
707423
707544
707516
707541
707045
707176
707039
707410
706977
707288
707495
707141
707490
707177
707425
707020
707473
707391
706877
707278
707068
707359
706960
706990
707236
707303
707362
706883
706995
707401
707037
707441
706896
707183
707526
706970
707481
707066
707406
707485
707044
707077
708134
708007
708004
708053
707814
707867
707884
707889
707753
707819
707844
707722
708084
707641
707709
708044
708095
707640
708043
708115
707604
707708
708219
707766
707717
707671
708132
708211
707767
708110
708041
707582
707739
708046
707743
707673
708217
707815
707910
707744
707759
708101
708523
708962
708553
708719
708936
708666
708360
708400
708364
708791
708526
708674
708709
708664
708333
708412
708406
708931
708638
708913
708968
708849
708559
708662
708466
708567
708382
708665
708908
708973
708733
708659
708657
708667
708970
708939
708894
708307
708774
708728
708582
708512
708914
708463
708910
708776
