638217
638345
638385
638497
638590
638450
638711
638115
638807
638791
638118
638803
638506
638135
638701
638543
638105
638489
638298
638739
638749
638150
638801
638102
638395
638491
638507
638741
638533
638485
638382
638595
638612
638551
638402
638581
638691
638448
638690
638582
638299
638611
638463
638552
638157
638535
638153
638394
638111
638094
638560
638457
638708
638573
638495
638428
638748
638218
638190
638805
638359
638478
638526
638790
638363
638104
638372
638848
639090
638946
638928
638965
638931
639087
639538
638904
639221
639067
639546
639233
638921
639390
639283
639206
638933
639210
639446
639362
639372
638854
639084
639544
639247
638923
639521
639438
639008
639246
639208
639063
639399
638833
639058
639391
638920
638855
639520
639227
638911
639230
638908
639381
639191
639284
639038
639276
639009
638828
639306
639021
639540
639328
639536
639035
639307
639358
639033
639459
639205
639163
639526
639548
639445
639477
639023
639150
639850
639599
639596
640056
639904
639570
640152
640070
640065
639955
640048
639568
639893
639805
640251
639620
639669
639607
639837
640125
639822
640266
639934
639770
640013
639849
640052
639647
639929
639821
639897
639942
639840
640017
639597
639848
640027
639761
639609
640241
639944
639769
640076
639613
640018
640079
640014
640153
640028
640160
639563
639906
639685
639684
639951
640609
640812
640707
640483
640337
640879
640422
640732
640471
640873
640741
640500
640731
640817
640472
640914
640899
640870
640382
640698
640760
640509
640457
640430
640634
640958
640962
640578
640875
640443
640877
640868
640832
640904
640369
640648
640518
640632
640641
640363
640943
640314
640281
640956
640366
640581
640897
640423
640788
640486
640789
640371
641063
641634
641295
641551
641515
641225
641215
641200
641579
641018
641475
641335
641521
641442
641025
641318
641321
641103
641370
641309
641565
641062
641238
641011
641303
641566
641647
641260
641299
641022
641443
641718
641476
641721
641214
641154
640994
641369
641575
641645
641552
641316
641049
640984
641258
641635
641296
642282
641956
642351
642162
642325
641782
642198
642295
642333
642215
641802
642178
642039
641868
641850
641918
642299
642348
642326
641939
642391
642099
642194
642029
641883
641742
641764
642110
642242
642382
642251
641957
642318
641762
641744
641842
641823
642112
642137
642179
641867
642294
642243
641839
642175
641781
642100
641892
641824
642012
642414
642300
642387
641849
642253
642377
642129
641913
641804
642855
643120
642610
643078
642975
643015
642472
642599
642590
642815
642878
643181
642823
642520
643033
642989
642987
642540
642544
642843
643081
643009
642914
642833
642518
642979
642886
642849
643123
643066
642625
642848
642837
643057
642825
642601
642690
642488
642694
642931
642430
642802
642915
642551
642930
642666
643013
642607
642859
642794
642557
642559
642791
642553
642702
642623
643042
642595
642810
642466
642476
642889
642811
642428
642747
643050
643032
643762
643210
643777
643370
643449
643209
643774
643365
643252
643622
643886
643490
643811
643341
643566
643623
643676
643604
643218
643474
643870
643766
643372
643896
643317
643259
643405
643727
643364
643308
643494
643871
643696
643603
643343
643339
643809
643893
643829
643708
643852
643799
643830
643800
643258
643374
643675
643309
643578
643576
643504
643853
643422
643324
643303
643417
643643
643639
644448
644022
644582
644193
644060
644211
644178
644176
644047
644304
644264
644013
643981
644271
643984
644204
644094
643978
644015
644161
644406
644258
644513
644359
644403
644517
644458
644352
644583
644160
644175
644548
644089
644220
644188
644297
644514
644472
644096
644581
644183
644361
644215
644470
644191
644288
644087
644340
644194
644046
644209
643979
644495
644084
644269
644227
644447
644876
645028
644756
644880
644915
644786
645319
644877
644787
645289
645084
645032
644702
644938
644621
645257
645225
645073
644911
645000
645256
645177
644672
645025
645057
645023
645273
644737
644918
645056
645317
644789
645332
644792
644906
644765
644862
644860
644907
644920
644873
644741
644755
644738
645074
644748
644884
645043
645156
645173
644670
644666
645253
645063
645329
646159
645812
645827
646032
645462
645482
645558
646065
645987
645949
645941
646126
645710
645834
646147
645540
645507
645437
645566
645757
645575
645445
645527
645360
645346
645733
645442
645693
645775
646060
645359
645407
645337
645443
646096
645825
645458
645576
645516
645701
645972
645986
645760
645950
645704
645510
645521
645974
645813
646130
645748
645471
646160
645404
645545
645833
645549
646187
646687
646861
646367
646175
646449
646295
646485
646733
646487
646792
646763
646448
646180
646467
646493
646300
646309
646303
646225
646552
646702
646786
646735
646341
646858
646811
646665
646515
646480
646624
646391
646166
646703
646556
646682
646666
646471
646712
646633
646860
646411
646188
646226
646521
646419
646805
646807
646857
646343
646635
646810
646366
646711
646305
646491
646229
647067
647065
647303
647553
646995
647028
646960
647304
647479
646885
647223
647356
647536
647292
646976
647227
647199
647393
647481
647026
647217
647202
647358
647165
646910
647520
647128
646904
647178
647200
647456
647064
647182
647068
646900
646909
647139
646999
647382
647017
647055
646983
646884
647461
647537
647063
647172
647458
646929
647397
647092
647294
646924
647806
648069
648139
647878
647883
647809
647805
648199
648045
648246
648162
648052
647592
648012
647619
647977
647823
647921
647578
648131
647803
648237
648100
647722
647974
647851
648158
647821
648118
648198
647585
647816
648220
648113
647586
648112
647577
648173
648096
648099
648026
647941
648215
647591
648192
647898
647751
648070
648053
648013
647807
647981
647884
648238
648120
648553
648680
648492
648845
648444
648668
648537
648295
648405
648420
648670
648728
648587
648702
648439
648700
648633
648853
648634
648564
648281
648619
648487
648689
648380
648504
648801
648368
648623
648507
648747
648454
648358
648318
648679
648800
648406
648703
648883
648427
648442
648550
648364
648861
648572
648736
648721
648683
648927
648445
648639
648612
648859
648734
648289
648344
648448
648297
648426
648305
648278
648797
648940
648690
648379
648993
649632
649057
649062
649326
649410
649099
649495
649245
649174
649090
648945
648943
649153
649600
649596
649066
649366
649586
649235
649367
649102
649382
648998
649386
649390
649100
649168
649171
649357
649041
649129
649239
649588
649074
648992
649187
649063
649595
649537
648996
649040
649358
649422
649246
649182
649320
649403
649405
649249
649135
649411
649319
649154
649672
649494
649034
649726
650203
650074
650030
650339
650040
650325
649924
650292
649894
649835
650111
649771
649965
650156
649845
649733
649743
650135
650178
650028
650087
649827
649856
650273
650004
649728
650358
649944
650216
650200
650033
649861
650093
649899
649737
650210
649828
650039
650103
650330
650179
650374
650378
649919
650331
649925
649781
649956
650208
649967
650086
649987
650153
650197
649922
650096
650120
650338
650124
650275
649840
650112
650497
650479
651069
651005
651088
650449
650998
650596
650629
650671
651075
650532
650858
650504
651078
651074
650519
650495
650811
650813
651022
650426
650611
651079
650580
650812
650466
650793
650772
650533
650928
650477
650658
650424
650986
650672
650796
650730
650770
651068
650448
650562
650521
650628
650735
650567
650388
650930
650461
650430
650851
651764
651496
651275
651335
651118
651586
651106
651545
651265
651108
651236
651592
651780
651481
651485
651150
651177
651245
651113
651233
651685
651728
651334
651232
651449
651540
651718
651145
651375
651141
651534
651729
651441
651454
651659
651683
651584
651319
651763
651273
651750
651498
651180
651746
651321
651457
651546
651240
651969
652233
652371
652099
652485
652336
652334
652205
652070
652511
652299
652379
651842
651984
652068
651937
652342
652469
652435
652315
652208
652235
652182
652275
652431
652152
652468
652337
652314
652291
652028
652434
652310
652151
652148
652189
652372
652077
652038
652078
651983
652119
651831
652160
651936
652340
652659
652540
653009
652595
652636
652881
652877
652869
653015
653165
653051
653035
652976
652652
652644
652845
652676
652564
652598
653066
652914
652891
653060
652781
653149
653114
652865
653070
652990
653044
652821
652683
653056
652940
652874
653155
653104
652896
652913
652640
652536
652849
652604
652567
653207
652988
652648
653385
653375
653379
653290
653777
653869
653564
653562
653857
653713
653580
653836
653482
653747
653464
653923
653331
653868
653601
653556
653663
653806
653826
653691
653756
653557
653350
653697
653560
653566
653426
653778
653664
653830
653384
653496
653634
653239
653425
653495
653289
653358
653721
653571
653712
653380
653276
653682
653353
653585
653543
653856
653692
654606
654380
654039
654486
654533
654379
653963
654138
654136
654224
654241
654375
654640
654102
654077
654387
654037
654029
654582
654030
654004
654174
654021
654339
654611
654587
654079
654340
654565
654629
654231
654535
654139
654258
654636
654430
654588
654429
654576
654634
654609
653979
654526
654344
654483
654376
654631
654522
654130
654482
654531
654381
654059
654022
654190
654125
654346
654594
654240
654450
655170
655208
655259
654846
654964
655171
655342
654900
655302
654914
654929
654927
654809
655194
654970
655190
655376
655367
655006
655317
654845
655099
655193
655041
654848
655229
655040
655337
654968
655307
654861
655188
655253
655118
655271
654659
654657
655373
654917
655061
654715
655098
655123
655167
655012
655233
654865
655364
654771
655360
655007
655147
655251
654843
655258
654976
655197
654794
655273
655207
655320
655068
656013
655962
655679
655929
655734
656040
655957
655726
656072
655469
656005
655607
655473
655545
655426
655691
655683
656058
655542
655988
655985
655657
655427
655697
655956
655612
655681
655419
656095
655601
655471
656069
655472
655600
656057
655930
655967
655519
655695
655635
655880
655541
655732
655565
656015
655831
655888
655819
655554
655642
655797
656084
655688
656083
656019
655650
655609
656212
656425
656621
656188
656375
656629
656131
656316
656353
656125
656436
656113
656338
656549
656133
656737
656628
656280
656757
656325
656505
656171
656746
656193
656624
656306
656281
656755
656404
656507
656141
656427
656728
656303
656684
656297
656682
656199
656195
656758
656164
656343
657072
657328
656963
656818
657114
656824
657009
657118
657061
657159
657375
657161
656778
656972
656969
656915
656957
656913
657373
656848
657117
657115
657432
657110
657232
657258
656815
657164
656783
657424
656825
657234
656777
657416
656962
657044
656914
656954
657421
657107
656851
657163
657075
657256
657431
658143
658002
657910
657986
657980
657989
657719
657911
657459
657591
657848
658187
657446
657702
657739
657834
657469
657703
657750
657835
657753
657500
657468
657616
657572
658142
657698
657569
658178
657535
657968
657549
658003
657521
657970
657801
657844
657526
657639
657705
657609
658528
658885
658800
658199
658766
658431
658203
658472
658340
658308
658563
658478
658635
658549
658272
658298
658767
658559
658634
658200
658230
658851
658881
658357
658656
658875
658212
658480
658856
658297
658530
658341
658774
658883
658471
658820
658715
658260
658801
658205
658657
658724
658356
658518
658794
659258
659288
659291
659066
659077
658932
659179
659343
659522
659356
659028
659070
658929
659303
659140
659039
658900
659467
659192
659549
659299
659075
659287
658930
659397
659261
659219
659263
659470
659220
659321
658939
659283
658919
659545
659141
658969
659547
659382
659124
659203
659068
659342
659119
659305
659091
658946
659357
659401
659864
660009
659556
659715
659991
659626
659784
659916
659763
659752
659780
659818
659946
659994
659614
659924
660322
659630
659876
659773
660252
659928
659979
659977
659613
659997
660104
659919
659742
660295
659745
659585
659902
659872
660304
660010
659590
660231
660090
659944
660206
659989
660308
660102
659777
659759
659711
659757
659567
660233
660053
659877
660306
660062
659912
660310
660314
660256
659772
660736
660996
660806
660967
660370
660678
660971
660561
660374
660378
660476
660812
660719
660936
660887
660637
660441
660765
660960
660764
660956
660380
660724
660439
660803
660801
660890
660756
660517
660506
660968
660911
660955
660717
660477
660386
660748
660982
660639
660452
660770
660975
660504
660576
660567
660859
660721
660831
660833
660333
660995
660331
660735
660571
660923
660487
660562
660701
660752
660383
660349
661032
661152
661240
661225
661110
661380
661631
661287
661147
661650
661486
661230
661383
661373
661098
661065
661138
661194
661626
661200
661270
661285
661438
661671
661166
661638
661030
661559
661298
661367
661242
661219
661223
661227
661059
661481
661670
661475
661648
661139
661588
661637
661106
661108
661675
661689
661437
661469
661482
661081
661430
661180
661460
661625
661028
661193
661266
661635
661278
661718
662329
662061
662269
662049
662382
661870
662089
662051
662256
661828
661832
662213
662364
662259
661842
662248
661974
661941
662016
662031
662027
662302
662268
661946
662231
662030
662079
662366
661754
662296
661970
662254
661827
662076
662149
662244
661831
662181
661721
661902
661775
662084
661973
662082
662044
662026
662276
662032
662087
661851
662057
661874
662204
662368
662232
661849
662078
662610
662576
662950
662658
662755
663047
662460
662445
662504
662669
662671
662799
662887
662740
663011
662936
662628
662849
662807
662674
662804
662612
662735
662900
662791
663007
662742
662756
662494
662462
662606
662963
662938
662694
663115
662803
662659
662767
662836
662484
662770
662744
662897
662959
662574
662654
662737
663005
663082
662796
663098
662675
662437
662858
663116
662439
662441
662904
663095
663112
663154
663440
663607
663195
663313
663367
663310
663477
663420
663252
663551
663818
663208
663345
663805
663175
663296
663454
663736
663453
663318
663538
663706
663764
663616
663156
663760
663768
663703
663307
663558
663348
663694
663194
663830
663451
663479
663494
663230
663817
663205
663652
663491
663295
663426
663823
663213
663733
663163
663414
663144
663317
663811
663138
663142
664052
664505
664160
664062
664064
663890
664167
664501
664524
663921
664449
664339
663985
664404
663887
664067
663878
664285
664162
664277
664147
664466
663972
663884
663873
664303
664087
664178
664456
664022
664134
663899
664133
663939
663895
664374
664302
664405
664260
663973
664424
664325
664345
664365
663933
664366
663880
664377
663861
664310
664385
664464
663938
664053
663987
663908
664068
665062
665044
664967
664706
664677
664719
665123
664982
664836
664540
665050
665195
665005
664588
665013
664658
665076
664576
664880
665030
665100
665011
664586
665091
664543
664750
665043
664979
664695
664751
664978
664638
664709
665032
664720
665039
664681
665122
664657
664981
665064
664545
664732
664723
665077
664640
664678
665004
664879
665281
665488
665504
665349
665727
665326
665684
665552
665772
665439
665597
665492
665420
665369
665658
665577
665588
665366
665474
665757
665403
665782
665445
665596
665864
665518
665820
665282
665728
665852
665397
665367
665342
665411
665578
665587
665553
665657
665409
665746
665331
665423
666010
666039
665941
666113
666032
666206
666140
666357
666049
666454
665954
666381
665994
666358
666508
665933
666522
665974
666128
666245
666209
666104
666044
666138
666212
666127
666539
666137
666078
665992
666115
666147
665909
665887
666081
666541
666527
666199
666152
665934
666012
666257
665988
665964
666017
666485
666453
666045
666244
666202
666071
666252
666099
665990
666043
665972
665886
666513
666144
666111
666214
666056
666405
665978
666379
666164
667064
666914
666945
667002
666632
667081
667193
667086
667118
667044
667124
666568
666994
666687
666993
666928
667092
667088
667175
667104
666884
666839
667173
667108
666755
667185
667112
666838
667014
667195
666913
667186
667093
667065
666671
666991
666625
666721
666867
667062
666949
666722
667105
667226
666873
666794
666663
667003
666738
666875
667178
667026
667212
666754
666855
667323
667470
667814
667896
667408
667646
667761
667609
667594
667464
667757
667356
667739
667400
667648
667447
667791
667332
667686
667671
667618
667331
667770
667722
667416
667358
667640
667749
667413
667455
667853
667592
667797
667607
667401
667616
667734
667517
667418
667935
667649
667322
667238
667772
667828
667300
667982
667948
668061
668298
667987
668164
668625
668494
668081
668420
668487
668083
668230
668326
668317
668507
667985
668264
668145
668377
668643
668152
668485
668329
668265
668396
668361
668363
668581
668297
667950
668194
667992
668137
668227
668571
668303
668344
668392
668426
668309
668130
668193
668397
668134
668087
668143
668580
668506
668644
669075
668840
668900
668773
668807
668938
669231
669221
669247
669067
669137
668702
669214
669269
669119
669065
668745
668804
669120
669168
668691
668878
669148
668999
668679
668907
668784
669237
669286
669222
669051
669232
668672
669190
669004
669324
668896
669001
669074
669009
669136
669094
668774
669150
668788
669095
669284
669023
669246
669215
668913
669268
669158
669212
668778
669025
669666
669695
669620
669947
669545
669437
670029
669757
669428
669635
669372
670033
669957
669773
670006
669743
669933
669348
670036
669863
669717
669355
669585
669733
669628
669667
669542
669789
669377
669401
669603
669467
670032
669718
669541
669612
669589
669349
669482
669480
669772
670011
669761
669627
669750
669942
669683
669758
669334
669975
669371
669337
669356
669887
670013
669376
669427
669393
669955
670354
670067
670248
670165
670612
670153
670614
670656
670196
670451
670719
670705
670706
670787
670753
670746
670156
670193
670159
670163
670723
670150
670633
670466
670495
670465
670215
670518
670290
670449
670744
670629
670160
670323
670059
670287
670792
670641
670276
670275
670646
670517
670095
670148
670657
670087
670197
670069
670096
670595
670231
670494
670688
670371
670235
670720
670353
670061
671002
671403
670900
671005
670847
670904
670982
671471
671266
671551
671120
671063
671392
671404
671474
670990
670996
671334
671212
671259
670943
670855
671487
671485
670919
670940
671311
670934
671225
671332
671356
671102
671062
671470
670967
671483
671348
671064
670923
670950
671349
670902
671056
671220
671475
671267
671101
671515
670808
671387
671104
670983
671331
670925
670809
671121
671639
671892
672004
671694
671682
671873
671836
672218
671605
671777
671699
671939
672018
671786
671698
671972
672153
672097
672161
671591
671974
671969
671941
671709
671666
672075
671658
672077
671788
672149
671970
672238
671764
671585
672148
672003
671887
671772
672170
672096
672081
671683
672165
671657
671616
671818
671874
671848
671893
671852
671707
671943
671590
671766
672020
672488
672933
672392
672632
672451
672308
672274
672667
672889
672887
672753
672618
672603
672838
672335
672644
672491
672731
672909
672494
672490
672880
672486
672665
672726
672523
672263
672861
672752
672735
672913
672373
672492
672531
672440
672368
672845
672363
672668
672364
672617
672309
672784
672646
672914
672609
672776
672637
672846
672276
672911
673450
673383
673364
673436
673546
672945
673220
673493
673382
673465
673490
673172
673210
672970
673470
673582
672969
673008
673038
673498
673623
673435
673158
673156
673426
673609
673518
673448
673338
673547
673208
673370
673171
673504
673622
673458
673360
673770
674257
673852
674312
673722
673644
674197
674192
673793
673949
674246
674139
674131
673981
674187
674273
674167
673689
673881
674152
673704
674059
674238
673800
674179
674296
674155
673971
673629
673854
673835
673724
673778
673780
673642
673746
673776
673979
674157
674031
674198
674244
674297
674032
673752
674188
674305
674012
674125
673775
673799
674302
674310
674308
673953
674047
673900
674237
673795
674255
673821
673693
674023
673983
673648
673964
674299
674706
675008
674418
674549
674603
674776
674860
674473
674610
674675
674964
674895
674781
675016
674747
674446
674688
674937
674892
674588
674665
675021
674952
674486
674910
674752
674439
674380
674859
674634
674449
674663
674815
674858
674609
674482
674627
674770
674735
674571
674687
674954
674324
674440
674953
674586
674674
674563
675386
675373
675438
675581
675327
675115
675178
675190
675440
675544
675126
675163
675574
675127
675046
675185
675051
675584
675170
675509
675576
675630
675513
675274
675208
675502
675771
675468
675416
675405
675300
675137
675644
675605
675320
675030
675510
675114
675139
675375
675684
675503
675311
675422
675420
675153
675092
675524
675090
675048
675769
675620
675177
675330
675402
676368
675999
675891
675863
676102
676411
676013
676166
676135
676071
675954
676112
676097
676265
676127
676246
676025
675936
676244
676012
675852
676371
676103
676087
676099
676398
676264
676208
675888
676422
676130
676039
676295
676169
675994
675865
676460
676207
676088
676304
676283
676044
676418
676051
676128
675872
676442
676001
676421
676076
676274
675808
675864
676069
675932
676282
675955
676395
675844
676980
676985
676562
676743
676603
676739
676931
676673
676979
676817
677086
676908
677037
676584
676725
677009
676934
676542
676644
677100
676597
676820
676830
677103
677048
676679
676477
676560
677197
676496
676996
676846
676951
676778
676889
676541
676524
677047
676565
676738
677002
676531
677006
676867
677170
676984
677058
677092
676933
676887
676850
677190
676604
676744
676999
677193
676585
677087
676784
676995
676549
676845
676706
676708
677856
677314
677238
677507
677645
677299
677619
677237
677435
677712
677590
677463
677749
677270
677249
677307
677603
677277
677412
677453
677438
677632
677415
677740
677866
677862
677874
677322
677876
677411
677592
677875
677309
677631
677615
677416
677853
677321
677300
677459
677861
677394
677506
677222
677883
677877
677716
677621
677871
677860
677495
677274
677276
677873
677597
677333
677804
677711
677635
677774
678343
678568
677978
678269
678566
678316
677920
678164
678071
678220
677914
678241
678176
678310
678464
678228
677891
678027
678170
678305
678593
677898
678115
678590
678194
678321
678264
678428
678463
678393
678064
678315
678311
678596
678026
678304
677918
678402
678323
677932
677979
677899
678586
678400
678326
678442
678429
678399
678403
678107
678058
678252
678056
677895
678242
678413
678935
678939
679225
679333
678809
678904
679010
679025
679307
678811
678655
679346
679137
679152
678945
678882
678989
679068
679070
678908
679353
678711
679157
679347
678751
678990
678893
678712
678700
678752
679211
679102
679049
679302
678678
679015
679334
678906
678683
679319
678821
679009
679360
679051
678714
679104
679803
680041
679593
679784
679422
679592
679722
680021
679685
679853
679474
679410
679856
679420
679590
679430
680084
679725
679408
679623
679502
679610
679864
679576
679595
679720
679503
679531
679628
679925
679809
679990
679475
679871
680066
679851
679369
679773
679516
679753
679838
679403
679823
679752
679523
679813
679597
679783
679437
679865
679405
679927
679532
680045
679464
679629
679661
679587
679528
679619
679845
679982
679444
680068
679796
680257
680700
680096
680232
680770
680461
680570
680122
680760
680341
680776
680392
680843
680675
680582
680121
680366
680492
680399
680276
680815
680334
680580
680739
680374
680343
680400
680105
680113
680777
680818
680478
680209
680129
680230
680381
680370
680242
680110
680702
680834
680363
680337
680796
680789
680393
680569
680234
680201
680568
680679
680572
681460
681184
681000
681379
681081
681452
680904
681330
681492
681508
681438
681491
681125
680934
681224
681088
680986
681443
681042
680871
681396
681313
681182
681300
681356
681504
681474
681479
681335
681043
681512
681068
681156
680887
681070
681347
681406
681321
681499
681024
681325
681230
680873
681355
681054
681288
681066
680918
681394
681130
681052
681453
681083
681505
680984
681627
681546
681730
681645
681836
681709
682046
682139
682167
681972
681662
681793
682066
682080
681551
681749
682068
681818
681533
681974
682060
681896
682141
681790
681904
681763
682009
682239
681736
681698
681534
682201
682048
681654
681803
681550
681660
682081
681817
682151
681848
681784
681544
681623
682166
681732
681696
682176
681748
681542
681772
682079
682236
682183
681837
681832
682027
681537
681722
681827
681633
682204
681614
682341
682292
682353
682971
682378
682908
682658
682267
682371
682288
682368
682300
682386
682530
682514
682408
682346
682925
682264
682519
682454
682257
682903
682904
682540
682334
682308
682575
682289
682525
682385
682293
682941
682455
682924
682486
682284
682468
682758
682712
682954
682660
682967
682380
682518
682717
682372
682640
682315
682578
682354
683030
683313
683365
683166
683092
683271
683059
683099
683241
683268
682983
683525
683056
683048
683082
683563
683523
683273
683028
683646
683043
683068
683315
683661
683041
683154
683123
683052
683226
683266
683575
683552
683049
683397
683168
683167
683421
683055
683095
683170
683420
683091
683024
683053
684329
683775
684327
683741
683787
684020
684226
684036
683807
684159
684339
683873
684354
684016
683874
683908
683800
683973
684109
684058
683801
684325
683984
684173
684228
684089
684307
683780
684120
683823
684050
683727
684250
683675
684091
683770
683778
683672
683808
684175
684158
683951
684042
683679
683677
684177
684133
684318
685030
685015
684619
684698
684751
684787
684863
685028
684744
684505
684661
684477
684778
684762
684669
684796
684645
684515
685049
684371
684666
684472
684742
684975
684623
684383
684986
684516
684891
684750
684776
684501
684668
684664
684415
684877
684660
684865
684979
684754
684605
684761
684868
684449
685019
684531
684607
684650
684670
684797
684602
684476
685693
685464
685161
685207
685672
685779
685453
685589
685501
685807
685681
685664
685734
685260
685190
685444
685280
685383
685441
685445
685214
685669
685648
685606
685442
685430
685618
685386
685547
685268
685167
685727
685583
685531
685499
685777
685450
685339
685185
685575
685559
685409
685307
685338
685208
685364
685680
685173
685577
685663
685382
685480
685698
685643
685371
685806
685776
685274
685703
685607
685632
685178
685415
685631
685720
685438
685780
685557
685590
685658
685282
685057
686243
686505
686244
686016
685841
686058
686086
686103
686122
686141
686487
686277
685927
686156
686409
685970
686076
686021
685951
685816
686092
685952
685886
686386
686435
686283
686206
686089
686078
686339
686324
685839
686338
686488
686282
686011
686115
686495
685863
686096
686207
686133
686385
685843
686130
686027
685844
686107
686434
685926
686125
685846
686173
686229
686015
686017
686503
686098
686327
685931
686228
686102
685851
685968
687145
686527
686902
686755
686647
686956
686820
686982
686763
687012
686730
687000
686831
686614
686936
686830
687063
686727
686821
686723
686608
686951
687197
686571
686929
686766
687045
687036
687213
687185
686625
686572
686526
686743
686524
686927
686667
687074
686649
686843
687140
686529
687203
686901
687014
687183
687208
686623
686542
687178
687146
686994
687442
687282
687423
687259
687493
687272
687894
687658
687787
687543
687498
687601
687399
687432
687479
687852
687469
687513
687871
687826
687386
687739
687694
687298
687454
687719
687548
687391
687402
687223
687775
687463
687289
687720
687384
687270
687661
687575
687467
687273
687598
687507
687506
687830
687464
687738
687558
687453
687692
687393
687389
687315
687380
687370
687904
687524
687893
687679
687372
687603
687306
687494
687436
687303
687377
687566
687511
687832
687300
687288
687244
687286
687870
687848
687426
688069
688111
688347
688503
688234
688110
688413
688434
688385
687995
688251
688150
688390
688271
688124
688544
688264
687987
688260
688480
688296
688192
688198
688289
687974
687961
688535
688464
687906
688509
687912
687938
688578
687982
688346
688262
688350
688465
688592
687947
687975
688546
688135
687997
688103
687922
688279
688193
687907
687909
688506
688381
687991
688561
688384
688435
687932
687990
688068
689188
689271
689275
689146
688646
689052
688632
688985
688616
688688
689247
689336
688948
688840
688707
689333
688626
689086
689129
689007
688629
688956
688798
689193
688767
688826
688918
688791
689054
688823
688765
688719
689082
689246
688952
688796
688939
689329
688630
689195
688628
688651
689130
689281
688614
688661
689298
688937
688664
689053
688809
688887
689008
688760
688802
688788
688895
688674
688683
689186
689006
688862
688828
689351
689712
689963
689359
689523
689425
689674
689572
689516
689415
689513
689968
689367
689675
689806
689386
689834
689547
689691
689988
689882
689845
689544
689385
689863
689885
689877
689751
689755
689918
689964
689539
689873
689536
689807
689978
689931
689836
689703
689530
689537
689455
689353
689585
689469
689819
690695
690378
690699
690124
690696
690504
690393
690643
690185
690244
690611
690357
690254
690252
690328
690360
690663
690688
690658
690119
690689
690492
690168
690326
690076
690517
690250
690472
690591
690093
690701
690603
690510
690618
690485
690071
690651
690537
690052
690306
690289
690327
690690
690650
690293
690309
690515
690707
690623
690137
690536
690269
690331
690184
690030
690343
690600
690621
690022
690190
690369
690617
690013
690675
690049
690349
690610
690503
690345
690642
690018
690069
690702
691252
691250
691032
691222
690791
690808
691319
691154
691124
690809
691327
691230
690958
691324
691075
690920
691309
691192
690710
691326
691102
690829
691142
691243
690941
690743
691188
690964
690940
690838
690956
690963
691185
690926
691318
691086
691101
690754
690757
690983
690753
691254
690921
691125
690763
690916
690971
691307
690709
690751
691347
690976
691040
690830
690792
691103
691026
690924
691073
691390
691597
691523
691773
691747
692045
691494
691828
691935
691440
692048
691869
691932
691947
691575
691752
691367
691671
691968
691766
691569
691599
691401
692044
691872
691719
691966
691492
691445
691761
691720
691673
692035
691855
691948
692040
691477
691410
691566
691771
691439
691775
691829
691854
691576
691972
691389
691971
692705
692612
692739
692337
692471
692681
692200
692468
692590
692094
692085
692452
692689
692463
692404
692768
692335
692230
692531
692626
692144
692168
692453
692189
692171
692225
692657
692551
692226
692078
692253
692532
692425
692690
692593
692311
692597
692552
692598
692509
692592
692573
692568
692277
692679
692121
692443
692785
692267
692310
692613
692733
693060
693131
693046
693433
693117
693274
693258
692911
693413
693294
693395
693346
693211
693272
693422
692905
693360
692951
693175
692958
693226
693167
693366
693411
692968
693430
693010
692898
692870
692957
693011
693135
693394
692966
692824
693191
692954
693507
693450
693365
692902
693462
693267
693392
693126
693425
693275
693163
693165
693404
693225
693482
693192
693118
693983
693860
694097
693847
693580
694028
694136
693657
693812
693627
693623
693973
694055
693624
693629
694134
693712
693954
693679
694006
694137
693818
693605
693692
693588
693760
694111
693868
693937
693852
694073
693579
694112
693646
694040
693955
693665
694064
693814
693867
693630
693688
693514
693587
693773
693519
693680
694095
693774
693643
693511
694054
693790
693644
693861
693714
693662
693689
694342
694749
694317
694194
694600
694615
694238
694498
694386
694216
694255
694482
694436
694622
694477
694158
694807
694546
694575
694467
694794
694402
694172
694157
694256
694437
694209
694387
694217
694212
694181
694484
694465
694621
694248
694624
694316
694274
694804
695450
695184
694983
695388
695341
695128
695068
695470
694828
695042
695414
694832
695485
695348
695138
695416
694995
694953
694910
695122
695349
695230
695012
695283
695148
695017
694826
695456
695140
695299
695013
695065
695010
695061
695298
695232
695204
695340
694877
694939
695474
694981
695282
695387
695197
695486
695018
695452
695108
695291
695112
695025
694835
694837
695211
695200
695464
695223
695286
694974
695190
695059
695077
695463
694984
695693
695684
696092
696037
695748
696026
695523
695621
695962
695542
695952
695839
695677
695792
696004
695733
695654
696184
696094
695742
695530
695706
695970
695811
695717
695759
695945
695524
696019
696160
696170
695992
695764
695991
695840
695721
695694
696145
695559
696144
695707
695604
695653
695719
695790
696021
696025
696006
695950
696186
696735
696247
696514
696343
696205
696582
696704
696692
696510
696677
696282
696455
696361
696547
696752
696554
696405
696694
696280
696408
696322
696643
696359
696400
696758
696532
696418
696899
696760
696571
696573
696481
696409
696766
696890
696887
696533
696676
696792
696756
696577
696391
696815
696203
696703
696592
696608
696818
696563
696864
696753
696865
696724
696840
696736
696720
696509
696581
696884
696594
696486
696888
696543
696719
696553
696778
697134
696945
697522
697138
697142
697087
697543
697488
697242
697354
697250
697093
697606
697147
697378
697081
697141
697028
696988
697186
697399
697125
697288
696920
697205
697362
697110
697034
697033
697240
696990
697541
697092
697290
697187
697211
696976
697605
696948
697400
697367
696974
697397
696969
697208
697152
697204
697118
697302
697258
697298
697221
697124
697800
697730
698113
698223
697780
698117
697790
698158
697899
698157
698139
697929
697636
697754
697660
698080
698222
698090
698037
698100
697765
698237
697735
698145
697997
698074
697792
697688
697998
697673
697802
697732
698201
697631
698148
698151
698102
697753
698236
698215
698138
697761
697671
697897
697690
698034
698246
697930
698167
698337
698802
698644
698800
698769
698327
698438
698509
698940
698643
698730
698859
698757
698311
698663
698796
698508
698882
698440
698502
698928
698793
698690
698584
698361
698422
698314
698544
698308
698305
698326
698674
698510
698719
698673
698963
698798
698349
698362
698360
698734
698929
698315
698818
698860
698599
698877
698727
698501
698955
698592
698726
698689
698540
698575
698708
698396
698676
698345
698883
698721
698651
699658
699265
699237
699611
699262
699273
699164
699172
699121
699668
699103
699084
699289
699145
699644
699441
699280
699551
699279
699235
699493
699079
699132
699113
699171
699109
699689
699646
699085
699018
699640
699110
699127
699038
699667
699176
699610
699125
699041
699613
699139
699632
699130
699006
699135
699120
699082
699163
700193
700163
700042
700044
700070
699722
700141
700233
700137
700088
699764
699922
700196
699750
699794
699898
699977
700123
700264
699730
700036
699808
700052
700204
699836
700053
699881
699749
700246
699831
700124
699886
699999
699787
699708
700206
700001
700032
700205
700209
699765
700164
700043
700265
700302
699926
699844
700847
700968
700395
700832
700388
700924
700355
700386
700652
700793
700553
700873
700683
700822
700360
700352
700399
700557
700359
700695
700451
700937
700820
700718
700350
700819
700357
700830
700607
700897
700714
700408
700345
700441
700423
700477
700606
700898
700450
700685
700467
700393
700331
700922
700542
700876
700376
700651
700378
700905
700516
700970
700936
700465
700596
700314
700495
700384
700925
700554
700488
700884
700432
700991
700499
701492
701456
701155
701032
701589
701033
701544
701648
701722
701402
701297
701028
701448
701629
701257
701631
701380
701289
701214
701236
701731
701085
701367
701426
701564
701660
701442
701073
701237
701617
701689
701540
701213
701659
701295
701185
701029
701449
701628
700998
701348
701180
701015
701210
701480
701565
701350
701018
701621
701256
701186
701182
701732
701346
701365
701584
701992
701843
701838
702367
702401
702250
701821
702023
702366
701911
702302
702209
702399
701830
702127
702102
702312
702021
702214
701950
702077
701849
701836
702125
701999
702360
701997
702037
702380
702382
702096
701910
702106
702350
701828
702251
702210
701987
701953
702104
702314
702006
701938
701908
701804
702340
702219
702423
702304
701991
701935
703183
703193
703125
702919
703191
702696
702456
702914
702462
703006
702841
702763
702806
702600
702703
702856
703074
703102
703010
702751
703179
703115
702731
702839
702909
702472
702951
702932
702708
702785
703000
702453
702613
702933
702640
702615
702632
703001
702868
702950
703104
702852
702643
702722
702690
702730
702921
702700
702764
702460
702635
702787
703113
703124
702516
702514
703735
703317
703484
703687
703797
703781
703892
703386
703639
703389
703324
703897
703305
703309
703446
703553
703490
703395
703351
703263
703319
703398
703901
703328
703469
703787
703205
703306
703739
703257
703449
703881
703459
703404
703421
703308
703486
703505
703688
703407
703733
703711
703504
703521
703634
703343
703405
703725
703397
703783
703451
703879
703517
703465
703419
704365
704393
703985
704423
704024
704463
704324
704579
703935
704356
704166
703942
704295
704520
704275
704022
703982
704274
704409
704185
704101
704516
704027
704065
703969
704343
704213
704322
704258
703950
704553
704110
704081
704404
704082
704408
704116
704167
704342
704249
703960
704518
704171
704015
704572
704604
704301
704097
704363
704446
704317
704554
704427
703967
704592
704374
704441
703953
704191
704193
704179
704111
703939
704419
704422
704773
705356
704711
705172
705134
704687
704618
704867
704716
705005
704615
705184
704685
705137
704957
704693
705011
704674
705319
705026
704988
705073
705178
704769
705316
704665
705254
704714
705189
705102
704770
705006
705327
704666
704727
704757
705058
705025
704840
705075
705010
704889
705078
704728
704754
704799
705003
704959
704787
705804
705747
705820
705427
705752
705661
705842
705764
705613
705950
705605
706007
705616
706104
705446
705633
705557
706103
705955
706115
705778
706001
705408
705992
705665
705688
706117
705370
705957
706002
706113
705610
706064
705513
705918
705754
705839
705864
705824
705695
705382
705808
705701
705412
705690
705678
706129
705425
705559
705735
705588
706575
706314
706511
706526
706361
706136
706837
706747
706449
706724
706783
706139
706257
706537
706642
706535
706568
706822
706737
706585
706204
706166
706447
706666
706721
706422
706693
706360
706288
706175
706510
706690
706254
706687
706168
706836
706718
706345
706347
706617
706222
706792
706781
706946
707261
707120
707170
706905
707382
706935
707322
707417
706972
706932
707103
707475
707284
706923
707561
706876
706971
707469
706913
706910
707292
707262
707536
706925
707537
707023
706976
707419
707478
706856
706899
707529
707043
706939
707438
707054
706898
707121
707000
706858
707094
707257
707467
706930
707102
707112
707384
706947
707560
707114
707323
707436
707616
707663
707929
707633
707911
708127
707873
707779
708185
707902
707756
707659
707690
707937
707917
707658
707802
707655
707786
707704
707980
708012
708248
708166
708272
708025
707796
707777
708175
707570
707782
707812
708239
707746
708098
707825
708072
707922
707731
708024
707622
708250
707775
708067
707801
707845
707727
708197
707665
707733
708014
708194
708179
708165
707875
707840
708021
708183
707747
707928
707656
707674
707788
707979
708600
708917
709005
708477
708479
708608
708533
708548
708354
708863
708929
708854
708927
708321
708469
708824
708755
708828
708741
708530
708837
708941
708814
708887
708603
708550
708471
708916
708317
708476
708388
708803
708532
708838
708716
708489
708385
708541
708829
709003
708418
708942
708544
708540
708815
708964
708394
708641
708483
708835
708655
708498
708652
708450
708800
708886
708690
708966
