694607
695124
694902
695059
694824
694879
694507
694938
694555
694796
694532
694658
694468
694863
695015
694472
694856
694608
695077
694681
694723
695024
694508
695111
694892
695025
694789
695083
694431
695061
694823
694954
694926
694563
695088
694711
695123
695016
694936
694449
695070
694855
694787
694714
694864
695641
695692
695188
695249
695656
695793
695270
695146
695527
695581
695669
695689
695650
695762
695827
695294
695157
695502
695666
695271
695763
695655
695191
695497
695710
695286
695771
695733
695539
695228
695525
695684
695732
695622
695293
695418
695642
695794
695285
695549
695776
695328
696516
696059
695931
696274
696581
696647
696418
696162
696031
696625
695997
696310
696539
695933
696180
696040
696314
696034
696315
696626
696361
696550
696253
696250
696532
695923
695868
696381
695934
696176
696523
696449
696645
696540
696279
696366
696138
696479
696015
696161
696576
695929
696543
696248
696476
695926
696282
696190
695999
695925
696362
696379
696533
696016
696110
696011
696365
696434
696039
696441
696391
695989
696390
697216
696767
697000
697237
697162
697130
696827
696927
696721
696838
696908
697322
697355
696872
697122
696806
696805
697234
696843
697116
696985
696886
697445
697284
697480
696840
697428
697328
697316
697131
696743
697101
697217
697235
697241
697188
696765
696826
697002
697491
697489
696790
697354
697139
697482
696869
696855
696842
697361
697427
696881
697099
697198
697421
697243
697108
697239
698032
697639
698117
697962
697712
698016
697948
698210
698072
697994
697848
697539
697986
698007
698069
698068
697627
698216
698135
698116
697943
697566
697946
698094
697955
697987
697770
698051
697998
697772
698163
697838
698195
697590
698185
697717
698176
698005
697945
698038
697631
698008
697686
698133
697640
698095
697703
697548
697593
698215
698030
698050
697912
698870
698452
698516
698443
698979
698661
698440
698426
698369
698590
698368
698359
699006
698720
698835
698633
698721
698733
698483
698930
698698
698428
698609
698718
698983
698737
698928
698439
699001
698388
698645
698819
698783
698442
698512
698887
698629
699013
698868
698893
698363
698474
698740
698632
698482
698732
698643
698589
698716
698324
698719
699794
699142
699115
699500
699070
699509
699465
699568
699417
699103
699649
699118
699288
699099
699572
699219
699199
699146
699336
699498
699518
699701
699510
699330
699777
699410
699804
699359
699127
699650
699278
699442
699100
699703
699217
699547
699492
699646
699334
699502
699117
699563
699728
699952
700410
700435
700486
699958
700381
700315
700313
700348
699855
700214
699953
700203
699854
700347
700234
700281
700001
700445
700251
699942
699887
699940
700335
700246
699945
700140
700336
700483
700408
700382
700109
700103
700358
699924
699845
700280
700236
699928
699886
700485
700155
700208
700549
700550
700954
700759
700804
700942
701073
700973
700618
700717
700731
700831
700924
700832
701237
701002
701238
700655
700843
701220
700964
700700
700780
700746
701250
700697
700613
701098
700758
701123
700675
701075
700641
701044
700642
700745
701221
700609
700760
700754
701132
700678
701096
701129
701306
701125
702059
701931
701514
701517
701992
702058
701423
702054
701973
701498
701847
701966
701446
701976
701859
701900
702057
702076
701484
701555
702078
702026
701823
701968
701826
701496
701914
701460
701341
701991
701557
701817
701871
701459
701795
701462
701609
701898
701351
701967
701656
702029
702050
701739
702582
702693
702566
702541
702594
702171
702766
702687
702213
702208
702581
702134
702493
702686
702162
702666
702442
702593
702804
702567
702535
702220
702515
702532
702695
702537
702689
702170
702432
702599
702499
702585
702379
702348
702765
702814
702708
702620
702624
702210
702691
702588
702275
702141
702665
702802
702183
702153
702138
702218
702580
703548
703561
702968
703497
703068
703528
703545
702978
703277
703012
703098
702933
703197
703603
702937
703323
703104
702936
703279
703531
702921
703495
703166
703465
703479
703108
703010
703201
702969
703107
703069
702934
702954
703171
702999
703113
703474
702858
702932
703359
703389
703601
703077
702992
703408
702917
702935
703402
702955
703404
703135
703478
703103
703268
702861
704283
704391
704094
703831
703702
703958
704414
703896
703796
704204
704355
703709
704411
703921
704438
704114
704300
703869
704211
703665
703990
704437
704357
703654
703957
703881
703751
704153
704221
704240
704202
704395
704443
704281
704224
704373
704392
704372
704113
703963
704381
703914
704296
704409
704377
704324
704118
704116
704341
704096
704154
704220
705024
704899
705010
704555
704952
704554
705146
704526
704769
705056
705149
705003
704617
704515
704806
704861
705116
704930
704906
704991
704903
704601
704747
704639
705004
705026
704938
704525
704973
704845
704606
704844
704860
705057
704780
704761
705118
705007
704539
704990
704767
704937
704612
704954
705154
704972
704512
704640
704602
704834
705844
705767
705885
705336
705405
705784
705586
705271
705669
705848
705842
705859
705308
705893
705857
705488
705337
705330
705918
705881
705785
705789
705630
705510
705290
705325
705260
705715
705293
705716
705524
705892
705324
705269
705647
705740
705332
705534
706472
706350
706193
706173
706174
706483
706537
706082
706334
706257
706038
706000
706028
706711
706739
706315
706536
706219
706365
706389
706132
706259
706256
706232
706206
706312
706572
706195
706230
706567
706310
706578
705998
706092
706072
706740
706390
706581
706084
706140
706165
706133
706255
706024
705950
706205
706071
706396
706043
706044
706143
706136
706470
706769
707374
707238
707133
707053
706896
706840
707127
706899
706870
706832
706831
707290
707061
706839
706911
706981
706914
707368
707223
707313
707293
707304
707181
707159
707239
707266
707194
707225
706951
706886
707322
707134
706898
707192
707048
706948
707325
706930
706974
706887
706883
706871
707057
707312
707185
707984
708018
708099
708135
707505
707777
708088
707582
707974
707965
707959
707647
707821
707827
707918
707966
707634
708092
707999
707792
707744
707765
707920
707846
707643
708086
707861
707592
708001
707595
707789
707803
707958
707556
708094
708213
708147
708101
707850
707593
707708
708140
707642
707588
708498
708654
708728
708648
708757
708242
708630
708277
708489
708336
708806
708255
708815
708494
708660
708844
708352
708734
708876
708713
708564
708843
708710
708729
708288
708581
708783
708820
708393
708305
708306
708642
708392
708764
708718
708492
708877
708284
708530
708248
708403
708925
709001
708735
708922
709607
709554
709144
709270
709675
709264
709661
709191
709044
709086
709052
709358
709338
709335
709581
709665
709606
709189
709424
709305
709092
709561
709527
709151
709345
709089
709371
709654
709637
709053
709718
709409
709045
709412
709346
709028
709257
709530
709081
709652
709677
709038
709306
709343
710091
710224
709970
709903
710446
710411
710465
709901
709972
710063
709760
709937
710207
709875
709957
709994
710116
710448
709996
710460
709832
710402
710014
710213
710138
710413
710160
710312
710201
709852
710372
710461
710134
709759
710409
710018
710313
710049
710441
710129
710011
710141
710070
710403
710577
710798
710649
710785
711240
711107
710687
710722
711214
710774
710854
710972
710596
710670
710946
711128
710484
710998
711178
710947
710552
710985
711014
710597
710594
710530
711054
710608
710519
710721
710813
710802
710583
711023
710736
710859
710883
711127
710602
711026
710578
711183
711141
710491
710974
711000
711215
710607
711184
710631
711148
710529
710604
711027
710784
711105
710729
710787
710554
711011
710543
711698
711405
711697
711916
711502
711815
711750
711302
711533
711869
711876
711663
711481
711937
711335
711920
711404
711718
711279
711929
711574
711814
711749
711661
711444
711732
711635
711918
711868
711746
711337
711733
711289
711513
711283
711878
711914
711307
711441
711936
711668
712047
712096
712030
712448
712370
712420
712287
712125
712082
712005
712492
712687
712078
712535
712542
712562
712144
712689
712081
712373
712438
711981
711956
712044
712221
712513
711998
711951
712076
712434
711973
712615
711995
712597
712450
712690
712522
712026
712267
712128
712095
712540
712206
712454
712245
712557
712007
712490
712077
712596
712113
712512
712385
712216
711980
713019
712860
713191
713349
712821
713200
712806
712857
713222
713388
713232
713126
712879
712899
713304
713341
713172
713219
712770
713236
713269
712709
712767
713044
713155
712882
712730
713153
712803
712939
712809
713125
713397
713032
712967
713344
713201
712792
712817
713231
713067
712908
713305
712859
713020
712773
712766
712775
713046
713271
712855
712732
713382
713386
712863
713345
712876
712862
712829
713348
712984
713071
712856
713189
713264
713635
713532
714118
713975
713959
713526
713821
713782
714131
713786
713478
714137
713522
713790
713608
713484
714120
713550
713829
713534
713728
713628
713587
713740
713911
713960
714010
713762
713528
714103
714139
713504
714045
714011
713530
713899
713483
713549
713566
714171
713939
714402
714720
714676
714801
714340
714645
714618
714711
714865
714260
714807
714876
714258
714238
714289
714344
714253
714787
714811
714617
714579
714920
714267
714718
714604
714866
714506
714673
714800
714584
714266
714336
714411
714712
714727
714828
714822
714664
714809
714803
714715
714667
714696
714366
714398
714290
714348
714692
714254
714343
714207
714580
714605
714376
714744
714830
714345
714877
715210
715147
715652
715450
714968
715179
715374
715237
715082
715019
715278
715640
715020
714970
715356
715067
715186
715650
715397
715576
715267
715468
715071
715136
715583
715233
715303
715472
715265
715395
715376
715400
715398
715591
715402
715207
714966
715255
715451
715447
715598
715422
714949
715142
715789
716152
715854
715731
716249
715695
715896
715811
716159
716194
716221
716235
716236
716163
716138
716316
716220
715976
715899
715875
715929
716397
715900
716158
715941
716015
715873
715680
716141
716047
716176
715955
716385
716099
716403
716201
716175
715781
715845
716278
716062
716389
715752
716401
716398
716192
716186
716157
716014
716069
716101
715745
716154
716276
717056
717121
716785
716773
716821
716601
717146
716462
716513
716580
717027
716463
716810
717120
716466
716436
716996
716973
716715
716820
716491
716578
716460
716915
716974
717001
716607
716763
716627
716858
717078
716932
717016
716718
717150
716524
716459
717035
716537
717113
717061
716958
717088
717087
716596
716521
716998
717453
717521
717374
717430
717419
717400
717364
717381
717384
717534
717789
717242
717792
717737
717679
717188
717793
717917
717750
717918
717748
717575
717555
717590
717787
717742
717753
717802
717269
717584
717856
717559
717373
717715
717784
717519
717630
717881
717350
717712
717603
717777
718393
718309
718340
718439
718536
718731
718056
718219
718343
718699
718344
718690
718689
718172
718643
718063
718644
718480
718495
718280
718591
718620
718047
718641
718534
718605
718147
718470
718244
718507
718638
718394
718145
718293
718346
718701
718298
718623
718485
718407
719333
719477
718805
718922
718785
719466
719262
719387
719480
719221
719227
719274
718882
719228
718983
719133
719384
718973
719174
719223
718924
718959
718795
719257
718788
718808
718763
719276
718842
719101
718928
719458
718810
720240
720069
720143
719636
719635
720215
720062
720047
720184
719857
720151
720130
719844
719667
720172
719814
720109
719574
719729
719749
719958
720186
720171
720142
720239
720048
720011
719731
720194
719624
720000
720101
719669
720110
720214
720060
719792
719842
719959
719815
720007
720163
720129
719873
719551
720028
719566
719846
719654
720532
720876
720941
720296
720576
720490
720420
720704
720672
720713
720866
720592
720840
720573
720875
720324
720387
720381
720975
720913
720380
720453
720419
720595
720389
720894
720278
720581
720516
720895
720544
720450
720454
720577
720946
720699
720599
720518
720497
720974
720593
720488
720902
721488
721286
721555
721215
721028
721071
721640
721633
721504
721565
721591
721093
721677
721311
721433
721359
721085
721005
721325
721072
721548
721309
721531
721022
721609
721346
721011
721518
721720
721041
721554
721424
721517
721442
721084
721412
721226
721558
721094
721389
721530
721468
721415
721360
721418
721076
721029
721460
721842
722192
722165
722356
722056
722025
722369
722340
722354
721835
721900
722272
722283
722337
722480
722450
722275
722309
722046
721863
722191
721864
722399
722218
721957
722416
722034
722118
721926
722277
722322
721950
721899
721834
722290
721787
721911
722467
721859
722081
722132
722422
721962
721915
722293
722451
722445
722478
722425
722316
722117
722282
722331
722219
721840
722947
722953
722777
722847
722998
722629
722967
722941
722906
722841
722885
723064
722670
722999
722648
722951
722618
722634
722831
722946
722751
722918
722883
722754
722834
723071
723159
722539
722965
722686
723245
722757
723180
723234
723126
722644
723162
722842
722956
722617
723184
722564
722942
722764
723070
722627
722599
722567
723016
722699
723687
723473
723588
723437
723792
723935
724035
723858
723881
723990
723943
723463
724054
723899
723440
723693
723822
723690
724005
723413
723298
723757
723991
723796
723942
723475
723767
723936
723372
723589
723863
723610
723402
723794
723370
723853
723392
723414
723433
723898
723910
723627
723607
723611
723464
723443
723393
723759
723924
723493
723740
723766
723435
723931
723406
723827
724659
724515
724485
724073
724088
724218
724634
724569
724332
724509
724768
724122
724292
724508
724305
724536
724142
724170
724214
724690
724472
724202
724419
724632
724081
724347
724220
724169
724783
724770
724784
724516
724489
724134
724525
724687
724650
724570
724246
724068
724622
724203
724473
724103
724104
725223
724993
725257
725476
724801
724846
725402
725350
725496
725502
724965
725120
725341
725083
725523
724983
725052
725276
725520
725095
725275
724952
724980
724807
725253
724791
724958
725121
724803
724969
725241
725289
725461
725242
724906
724811
724936
725194
725462
725082
724961
724836
725574
725053
725359
725203
724964
725391
725097
724988
725356
725342
725566
725610
725490
724902
725226
725426
724998
725425
725445
725501
726140
726162
726050
725800
726213
726302
725785
725819
725764
726230
726244
726215
726148
725649
726299
725833
725867
726150
725767
726169
726030
726263
726275
726337
725978
726141
725943
725675
725672
725775
725820
725740
725693
725762
725920
726229
725837
726274
725902
726064
725903
725731
726053
726142
726160
725728
726143
726029
725928
726170
725669
726233
726264
726817
726955
726794
726975
726499
726921
726694
726399
726775
727094
726528
726930
727040
726679
726965
726776
726551
726507
726550
727027
726712
726703
726956
726560
726740
727100
726936
727051
726376
726482
727050
726503
726985
726922
726540
726445
726911
726995
726543
726685
726910
726984
726403
726601
726600
726501
727095
726757
726524
726430
726444
726996
727039
726796
726885
727102
726437
726888
727515
727860
727330
727168
727366
727595
727786
727210
727640
727310
727635
727577
727788
727518
727695
727252
727819
727564
727359
727311
727381
727839
727175
727567
727647
727729
727269
727599
727844
727570
727789
727894
727762
727862
727270
727837
727727
727897
727878
727721
727289
727425
727173
727247
727723
727336
727824
727681
727731
727277
727565
727645
727295
727530
727304
727338
728634
727961
728743
728656
728367
728342
728393
728217
728019
728101
728548
728119
727992
728016
728314
728234
728666
728161
728722
728077
728703
728058
728428
728590
728570
728390
727985
728223
728322
728303
728391
728665
728582
727932
728330
728549
728723
728702
728602
728620
728679
728694
728731
728695
727942
728078
728592
727966
728364
728637
728742
728581
728209
728684
728295
728237
728159
727957
728059
729229
728965
728865
729031
729081
729122
729270
729233
729312
729210
728814
729407
728894
729077
729113
729078
729360
729480
729433
729451
729483
729127
728780
728864
728896
729391
729102
728980
729443
729230
728880
728899
729140
728926
729117
729387
728815
729403
729050
729373
729301
729209
729237
728881
729983
729995
729895
730171
729852
730100
730058
729901
730226
729993
729610
729913
729996
730083
729681
730222
730025
730170
730101
730225
729988
730118
729841
730181
729848
730191
729905
729825
730184
730159
730031
730072
729850
730088
729980
729840
729890
729682
730120
730052
730731
730452
730687
730913
730391
730554
730860
730405
731011
730440
730876
730423
730931
730547
730925
730647
730439
730317
730937
730432
730992
730858
730645
730771
730908
730683
730459
731020
730601
730675
730729
731018
730472
730312
730388
730950
730488
730980
730979
730538
730260
731012
730441
730385
730605
730341
730640
730668
730780
730930
730878
730363
730496
730682
730360
731214
731410
731494
731774
731674
731422
731293
731644
731193
731722
731227
731377
731529
731672
731687
731645
731342
731640
731723
731678
731215
731484
731492
731242
731287
731392
731334
731571
731776
731453
731521
731746
731421
731552
731631
731637
731490
731489
731534
731462
731036
731341
731528
731229
731194
731043
731402
732289
732599
732402
731852
732221
732257
732237
732216
732424
732361
732601
732288
731938
731811
732423
732512
732295
732603
732078
732327
732377
731850
732381
731819
732255
732235
731942
732329
732447
731823
731886
732283
731885
732455
732307
732281
732378
732439
732104
732089
732172
732024
732597
732452
733047
732968
733226
733277
732914
733326
733309
733391
732785
733297
733368
733393
732871
732870
733000
733193
733212
732983
732758
732630
732730
733308
732678
732731
733177
733374
732781
733031
733170
733224
733171
732669
733245
733058
732661
732681
732927
733040
732777
732757
733041
733276
732819
733175
733046
732973
733213
733014
733327
732985
733370
733585
733756
733626
733718
733940
733616
734121
734056
733853
733627
733575
733517
733883
733870
733700
733475
733974
733505
733938
733486
734066
733519
733923
734107
733457
733509
733889
733926
734120
733586
733419
734063
733525
733967
733662
733963
734000
734113
733882
733574
733851
733942
733621
733726
733936
733913
734770
734206
734220
734754
734265
734888
734561
734686
734877
734279
734873
734409
734663
734165
734711
734400
734818
734393
734375
734819
734324
734916
734456
734810
734467
734172
734616
734813
734664
734237
734825
734808
734852
734202
734872
734917
734748
734930
734436
734862
734357
734712
734931
734328
734766
734479
734765
734261
734326
734277
734576
734756
734398
734482
734708
734759
734540
734238
734687
735402
735356
735578
734996
735061
735617
735684
735266
735317
735673
735702
735428
735023
735200
735009
735639
735294
735314
735602
735032
735421
735502
735427
735687
735707
735706
735369
735195
735569
735083
735157
735577
735699
735137
735035
735613
735701
735106
735698
735712
735433
735637
735435
735657
735062
735011
735709
735460
735034
735002
735370
735532
735457
734994
735501
735336
735422
735172
735017
735616
736241
735853
735814
736145
736406
736362
735942
735767
735914
736360
736084
735920
736141
736281
736244
736309
736245
735743
736163
736187
735846
736179
736239
736226
736146
735876
736308
735957
736105
736204
736349
736186
736249
736006
735812
735958
736408
736050
735881
736194
736865
737044
736900
736991
737062
736525
737158
736625
736706
736775
736725
736626
736663
736843
737065
736927
737101
736471
737058
736680
737185
737079
736924
737040
736816
736969
736901
737068
736735
736724
736530
737177
737109
736936
736491
736902
736871
736597
736864
737174
737171
737054
737108
736848
736734
736689
736950
736992
737163
737160
736723
737227
737803
737780
737679
737438
737624
737205
737754
737933
737709
737886
737405
737737
737844
737596
737326
737858
737302
737699
737758
737382
737554
737609
737298
737192
737890
737776
737239
737831
737325
737830
737300
737630
737601
737550
737354
737513
737843
737872
737870
737678
737613
737772
737929
737860
737355
737297
737546
737526
737547
737608
737782
737574
737802
737289
738569
738530
738028
738623
738387
738375
738287
738126
738558
738276
738047
738073
738173
738611
738039
738576
738562
738637
738044
738099
737977
738088
738610
738713
738523
738038
738683
738268
738473
738638
738046
738168
738385
738350
738698
738056
738055
738685
738180
738282
738117
738131
738069
738351
738169
738692
738728
738049
738357
738567
738700
738573
738205
738087
738062
739507
739015
739213
739083
738852
739149
738836
739221
739542
739391
739546
738816
738815
739347
739442
739335
739304
739302
739553
739250
738837
738943
738911
738981
738868
739067
739453
739455
739429
739168
738818
739214
738845
738798
739393
739543
738909
739229
739316
739315
739255
739333
739056
739433
739348
739230
738846
739162
738866
739219
739326
740032
740188
739673
739923
739738
739801
740346
740025
740146
739891
739672
739650
739970
739575
740149
739828
739727
739736
740028
739962
740027
740062
739825
739955
739823
739590
739924
739609
739873
740086
739681
739861
739963
739735
739654
739709
739618
740656
740576
741151
740806
740544
741096
741015
740620
740751
740479
740930
740926
740775
740768
740553
740502
740885
741100
740508
740417
740542
741152
740781
740929
740792
740614
741053
740539
740450
740611
741087
740511
741025
740430
740462
740883
740414
741142
740944
740646
740540
740449
740654
741144
740433
741013
740412
740509
740461
740506
740813
740925
740418
740783
740777
740606
741066
740564
740615
741067
740791
741480
741469
741494
741831
741319
741528
741219
741296
741297
741272
741317
741743
741275
741404
741710
741283
741479
741383
741777
741714
741877
741553
741470
741898
741265
741835
741362
741477
741493
741392
741182
741212
741890
741504
741195
741284
741778
741266
741836
741830
741727
741380
741897
741729
741902
741541
741166
741587
741486
741586
742161
742037
742387
742396
742457
742204
742104
742004
742016
742334
742234
742152
742130
742013
742005
742039
742628
742318
742605
742144
742298
742323
742639
742462
742481
742467
742327
742028
742057
741946
742604
742121
742024
742395
742640
742616
742552
742111
742112
742505
743008
742889
743038
743263
742764
742758
743377
743012
742727
743013
743026
742741
743052
742790
742886
743259
743201
742728
742761
742834
742763
742707
743373
743128
742881
743258
743369
742695
743015
743036
743014
743064
743069
743382
743367
743440
743949
743556
743605
743801
743495
744182
743888
743515
743782
743573
743823
743882
743540
743641
743957
743619
743544
743455
743454
743694
743428
743797
743761
743733
743496
743778
743554
744160
743786
743689
743802
743633
743722
743672
743774
744147
743604
743962
743926
743943
743614
743463
743560
743531
743993
743780
743472
743697
744009
743665
743790
743634
744071
744159
744070
743468
744012
743756
744184
743511
743759
743535
744896
744474
744606
744260
744758
744684
744659
744797
744987
744744
744273
744485
744880
744897
744305
744607
744408
744489
744783
744703
744740
744270
744988
744514
744846
744920
744258
744452
744630
744235
744579
744414
744358
744688
744795
744468
744702
744304
744626
744483
744923
744418
744271
744926
744757
744839
745472
745142
745514
745368
745468
745053
745418
744998
745115
745000
745427
745348
745022
745190
745717
745460
745624
745572
745026
745693
745509
745489
745602
745421
745714
745476
745029
745108
745713
745051
745655
745294
745105
745349
745466
745623
745205
745102
745719
745646
745304
745494
745341
745118
745653
745480
746555
746222
745881
745982
746081
746497
746514
746224
746476
746477
746265
746251
746267
746017
746252
746487
746567
746565
746258
746485
745815
746319
746502
746463
746560
746446
746510
745887
746237
746498
746304
745986
746556
746239
746153
746559
745797
746272
746516
746320
746228
746259
747111
747307
747014
747053
746686
747254
746680
747255
746685
746798
746883
746822
747013
746763
747266
746852
747101
747055
747317
747100
747088
746952
746963
746772
747316
747080
746701
746825
746769
747041
747040
747288
747289
746829
746714
746639
747306
746865
746977
746823
747271
746679
746882
747462
747793
747524
747804
748012
747751
747414
748082
747690
747883
747466
747742
747635
747815
747772
747907
747465
747413
747636
747505
747344
748035
747610
747818
747922
747942
747805
747626
747342
747336
747416
747941
747656
747889
747483
747597
747686
747418
747771
747914
747741
748010
747380
748033
747652
748083
747490
747769
747484
747885
747461
747378
747348
747629
748628
748855
748677
748623
748269
748161
748208
748276
748311
748347
748856
748684
748192
748120
748257
748207
748652
748183
748765
748570
748801
748275
748340
748101
748406
748267
748799
748256
748495
748410
748429
748328
748330
748786
748184
748326
748171
748586
748432
748533
748948
748928
749073
749343
749370
749446
749501
749375
749350
749417
749250
749520
749204
748973
748942
749378
749608
749235
748941
749003
749347
748944
748899
748933
749584
749371
749619
749121
748947
749611
749344
748932
749387
749241
749240
748969
749555
749340
749071
749586
749490
749289
749311
749418
749005
748917
749579
748974
749261
749445
748938
749251
749262
749637
749458
749312
749339
749390
748931
749609
749433
749905
750075
750110
749733
750266
749692
750127
750113
750000
750108
750128
749943
750197
750015
750094
750338
749890
750337
749823
749818
750331
749826
750071
750118
749999
749873
749837
750296
749876
749882
749959
750170
750042
749808
749689
749730
750249
750333
749830
750196
750246
750773
750808
750859
750444
751146
750553
750836
750779
750798
751104
751172
750441
750907
750630
751045
750474
750979
750865
750449
751042
750477
751001
751169
750702
751100
750557
750807
750480
750840
750590
750999
751105
750683
750981
750827
750685
750780
751174
750905
750518
750830
751060
750566
751041
751061
750646
750698
750799
750472
750709
751167
750834
751144
751299
751360
751640
751464
751626
751376
751232
751929
751424
751368
751461
751642
751468
751701
751417
751498
751677
751497
751656
751298
751378
751875
751536
751456
751872
751365
751903
751595
751459
751906
751550
751783
751731
751445
751359
751733
751720
751469
751596
751419
751391
751902
751313
751717
752548
752551
752091
752200
752299
752338
752723
752061
752301
752697
752708
752464
752058
752505
752494
751992
752535
752473
752103
752203
752019
752095
752081
752485
752689
752592
752740
752546
752613
752001
752537
752722
752266
752603
752090
752083
752031
752507
752704
752471
752096
752032
752437
752102
752267
752318
752337
752721
752232
752685
752534
752382
752444
752205
752357
753272
753591
752991
753234
753220
753308
753462
753182
753351
753204
753535
753457
753248
753075
753472
753074
753551
752894
753522
753163
753307
753438
753544
753480
753355
753166
753092
752936
753279
753203
753103
753239
753047
752966
753395
753100
753060
753397
753553
753246
753440
753521
752959
753546
753590
752935
753943
754257
754136
753765
754194
754083
754327
753790
753871
754227
754051
754180
754154
754276
753696
753789
754326
754267
754229
754198
753634
754166
753742
753861
753948
753768
753741
754339
753711
754203
754331
754187
753802
753670
754119
753989
754053
753773
753739
754297
753677
753990
754346
754184
753727
753763
754016
753946
754109
754189
754153
754372
753777
754782
754440
754477
754516
754532
754835
754933
754572
754936
755034
754549
754458
754469
754771
754468
754908
754770
754690
754456
754528
755023
754518
754618
754873
754837
754807
754551
754759
754439
755018
754406
754533
754762
754907
754918
754849
754872
755019
754576
754574
754852
754476
754634
754804
755192
755774
755797
755104
755463
755612
755486
755113
755839
755354
755480
755243
755423
755735
755849
755524
755796
755555
755829
755611
755250
755435
755830
755636
755775
755241
755446
755485
755115
755656
755557
755479
755312
755332
755139
755756
755840
755447
755804
755251
755853
755348
755201
755533
755736
755220
755854
755301
756616
756596
756005
756056
755943
756608
756351
756072
756316
756404
755994
756043
756278
756127
756654
756063
755873
756215
756474
755920
756332
756124
755942
756076
756595
756558
756570
756366
756218
756198
756638
756317
755881
756363
756565
755935
756012
756342
756372
756209
755995
756015
756552
756245
756070
756421
756656
756246
756227
756214
756064
755989
756044
756007
756169
756099
756284
756566
756051
755939
756876
757371
756922
757299
756976
757284
757081
756701
757260
756801
757016
757068
757149
757121
756862
757303
756962
756980
756683
757339
756738
757245
757165
756802
757248
756880
757400
757297
757276
757327
757307
757019
757163
756694
757244
757423
757323
757095
757025
757123
757386
757023
757093
757301
757366
757263
758049
757711
757971
757556
757965
757980
757678
757508
758116
757814
758042
757728
757984
757897
757930
757983
757898
758034
758110
757765
758137
758051
757986
757612
757803
757590
758106
757642
757497
757892
757649
758135
757847
757555
757991
757815
758157
757534
757989
757533
758108
757931
758088
757763
757505
757864
757613
757516
757593
757982
757811
757551
757979
758006
757472
758978
758810
758554
758756
758533
758424
758813
758899
758652
758389
758768
758312
758610
758584
758390
758437
758848
758917
758774
758707
758741
758225
758350
758751
758826
758462
758398
758415
758884
758361
758582
758859
758279
758809
758515
758794
758443
758840
758345
758288
758825
758908
758650
758976
758561
758837
758643
758397
758864
758861
758915
758812
758804
758313
758488
758702
758242
758444
758761
758285
758396
758922
758928
758712
758230
758901
758278
758704
758549
758341
759532
759310
759100
759172
759402
759173
759503
759153
759028
759300
759484
759505
759740
759061
759060
759691
759738
759765
759301
759559
759257
759308
759289
759509
759771
759311
759633
759699
759069
759224
759457
759306
759575
759044
759099
759068
759511
759032
759756
759038
759248
759757
759054
759148
759658
759731
759464
759530
759661
759772
759395
759693
759345
760268
760481
760188
760119
760069
760426
759996
760246
760391
760181
760255
760024
759985
760123
760029
760415
759975
759895
760270
759917
760187
759851
760034
760429
759822
760393
760013
759823
759880
760407
760335
760080
759901
760273
759845
760395
759870
760420
760247
760111
760176
760009
759866
760418
760336
759894
760030
759853
760424
760118
760238
759881
760218
760411
760241
760396
761167
760747
760561
760640
760722
760772
760664
760870
761266
760709
760627
761403
761177
760791
761166
761402
761409
760626
761324
760731
761268
761210
760974
760878
760636
760749
761125
760604
761061
760704
761418
761047
760665
761407
760771
761368
761328
761420
761322
760720
760642
760711
761060
760645
761054
760677
761337
760608
761480
762057
761456
761982
761775
761996
762178
761961
761976
761865
761765
762175
761700
761503
761854
762099
762127
761510
761964
761827
761577
762054
762202
761951
762105
762182
761924
761576
762184
761716
762003
761855
761983
761836
761499
761992
761858
761839
762111
762149
762110
761666
762170
762148
761946
761859
762103
761498
761468
762101
761633
762059
761641
761920
761821
761967
762437
762420
762994
762419
762625
762940
762583
762858
762531
762786
762219
762518
762924
762901
762477
762657
762752
762624
762739
762406
762673
762841
762810
762571
762295
762744
762674
762965
762243
762988
762971
762253
762648
762812
762710
762788
762934
762987
762900
762440
762700
762252
762520
762231
762833
762294
762407
762844
763736
763714
763585
763389
763763
763567
763180
763105
763232
763215
763194
763661
763229
763706
763073
763196
763416
763153
763340
763231
763679
763176
763560
763729
763067
763442
763728
763181
763708
763140
763206
763148
763034
763446
763158
763484
763387
763098
763569
763103
763216
763102
763386
763163
763162
763738
763394
763576
763715
763641
763438
763175
764184
763817
764336
764324
764291
764425
763912
764146
764182
764081
764453
764168
764085
764097
763989
763983
764427
763841
763842
763783
763863
764005
763903
764444
763813
764128
764058
764369
763865
764030
764186
764167
764293
764345
764408
764083
764445
764342
764514
764305
763962
763984
764511
764283
764969
764975
765296
765267
765059
765297
764742
764642
765112
765121
764703
765115
764638
764629
765088
765060
765140
764809
765075
765236
764592
764613
765193
764686
764912
765078
764627
764756
765083
765268
764600
765276
764700
765195
765027
764747
764612
765123
765141
764685
765242
764802
764767
764697
764769
764958
765829
766078
765765
765380
765447
765669
765483
765927
765453
765428
765347
765560
765784
765459
766067
765802
765848
765545
765795
765804
766043
765379
765496
765830
765568
766095
765611
765587
766093
765462
765711
765768
766122
765516
765979
765850
765996
765416
765473
765886
766068
765889
765606
765924
765708
765742
765427
765660
765997
765485
766041
765498
765548
765391
765744
766080
766610
766677
766662
766765
766552
766193
766499
766236
766670
766208
766694
766766
766239
766325
766214
766666
766628
766347
766545
766710
766600
766185
766175
766638
766356
766762
766340
766456
766830
766663
766798
766367
766453
766468
766726
766833
766478
766447
766498
766183
766292
766361
766194
766220
766627
766575
766837
766802
766169
766219
766659
766678
766711
766624
766771
766636
766912
766955
766909
767559
767582
767129
767637
767357
767275
766986
767066
767073
767178
767108
767222
767306
767647
767334
766992
767106
766903
767642
767452
767639
767373
766979
767260
767293
767649
766937
767355
767075
767605
767137
767580
767445
767296
766991
766959
768167
768270
767833
768364
768215
768153
767838
768484
768160
768185
768212
768128
767917
768254
767945
767976
768132
768468
767852
768021
767745
767671
768256
768140
767837
768487
768164
767762
767904
768271
768037
767747
768186
768365
767682
768485
767997
768287
768183
767906
768233
768145
768339
768333
767856
768151
768072
768416
768020
767999
767975
768414
768626
769005
768918
768804
768526
768597
768594
769016
768510
768590
768547
768638
768511
768591
768822
769233
769073
768919
769057
769105
769205
768916
769108
768825
769104
768749
768947
768543
768991
768911
768541
768938
768913
768993
768900
768954
769179
768573
769004
768851
768548
769103
769226
768709
769013
769072
768627
768953
769844
769726
769453
769683
769740
769327
769545
769443
769593
769747
769427
769938
769302
769303
769954
769381
770025
769434
769896
769741
769835
769900
769439
769503
769591
769905
769325
769673
769703
769878
769914
769444
769631
769451
769908
769289
769681
769749
769467
769717
769419
769834
769727
769890
769260
769953
769630
769433
769962
769846
769880
770021
769942
770671
770771
770438
770218
770514
770520
770604
770617
770131
770655
770600
770556
770261
770227
770108
770144
770749
770467
770536
770205
770337
770466
770640
770772
770336
770612
770557
770705
770669
770565
770609
770058
770643
770372
770394
770619
770395
770806
770750
770540
770809
770637
770207
770457
771369
771181
770824
771551
771235
770868
770973
770924
771336
771333
771461
771512
770907
770883
771332
771280
771148
771117
771197
771236
771548
770928
771092
770983
771150
771312
771505
771186
770984
771376
770869
771084
771057
770912
771396
771152
771168
770974
770829
771204
770881
771514
771106
771364
771156
771355
771468
771243
771279
771467
771438
