93 0.00 0
263 0.00 0
273 0.00 0
229 1.00 0
166 0.00 0
45 0.00 0
306 1.00 0
178 1.00 0
89 0.00 0
297 0.00 0
244 0.00 0
67 1.00 0
258 0.00 0
11 1.00 0
69 1.00 0
105 1.00 0
191 0.00 0
127 1.00 0
136 0.00 0
277 1.00 0
107 0.00 0
315 1.00 0
158 0.00 0
283 0.00 0
132 1.00 0
134 1.00 0
180 0.00 0
170 0.00 0
21 0.00 0
194 0.00 0
92 0.00 0
137 0.00 1
248 0.00 1
209 1.00 1
30 0.00 1
86 0.00 1
22 1.00 1
246 1.00 1
111 1.00 1
25 0.00 1
162 0.00 1
7 0.00 1
143 0.00 1
56 1.00 1
118 0.00 1
300 0.00 1
129 1.00 1
8 1.00 1
186 1.00 1
299 1.00 1
49 1.00 1
280 1.00 1
90 0.00 1
19 1.00 1
51 0.00 1
78 1.00 1
291 1.00 1
24 1.00 1
16 1.00 1
241 0.00 1
13 1.00 1
238 1.00 1
307 1.00 1
233 1.00 1
