172
242
495
446
458
4
230
197
396
345
452
280
256
248
178
310
227
11
537
352
410
264
298
100
508
255
122
147
277
346
395
358
520
128
53
292
445
502
496
528
74
485
120
369
102
412
216
547
386
187
350
290
108
500
522
435
67
336
137
418
13
335
288
232
436
170
240
24
318
469
385
215
207
51
312
450
238
282
486
160
329
431
42
159
204
30
343
27
562
56
80
493
479
481
48
443
134
98
55
211
381
64
393
379
519
544
253
429
184
92
331
77
16
433
144
274
341
119
409
534
90
267
483
491
32
88
441
224
40
213
309
162
391
383
251
82
559
38
194
168
333
560
7
15
507
515
461
375
297
60
59
538
130
476
142
272
326
127
540
278
148
357
532
425
156
180
222
426
155
198
200
34
164
325
457
192
475
84
361
228
177
247
516
376
463
287
116
305
317
406
202
220
44
19
564
237
555
190
208
548
270
140
556
132
188
62
527
363
530
94
138
182
542
405
417
115
306
107
68
104
423
259
72
551
97
414
260
524
78
449
301
513
373
399
349
111
401
22
234
0
473
499
323
47
284
28
153
314
2
421
174
553
244
20
339
87
167
366
8
454
303
219
37
389
511
465
371
466
262
113
354
70
124
403
365
471
489
321
268
294
439
504
151
359
533
129
360
75
484
57
299
143
273
509
434
26
201
25
541
179
249
193
181
334
76
131
459
223
460
214
384
61
344
468
531
5
17
239
494
462
266
289
271
141
203
319
109
543
254
183
191
362
265
419
529
133
444
368
6
221
394
63
428
275
145
196
397
447
372
512
400
73
99
1
226
535
422
257
110
518
378
300
322
536
152
225
478
49
328
14
497
261
195
472
276
146
347
23
158
550
217
546
205
150
39
558
387
186
169
320
302
71
552
337
89
136
470
3
308
66
437
65
118
370
510
408
54
135
112
487
263
185
420
402
21
206
545
521
45
96
229
453
304
101
199
173
554
243
10
411
503
281
149
279
293
52
311
114
353
539
123
58
404
231
95
46
50
86
523
139
451
69
514
374
549
103
424
241
171
36
189
166
367
413
324
18
165
291
35
283
501
467
313
154
209
12
351
121
85
474
233
330
563
342
477
296
506
245
175
492
29
464
348
210
380
356
157
455
327
126
43
498
93
79
81
364
448
456
125
480
252
355
427
398
430
258
505
246
176
517
377
31
295
442
161
392
407
561
415
269
286
438
482
250
117
105
316
390
440
236
488
525
432
41
526
83
91
235
9
490
340
218
332
557
388
307
315
106
33
285
382
338
163
416
212
