172 173
172 175
242 243
495 502
495 548
495 497
446 448
458 460
4 5
230 231
197 238
197 198
197 201
197 236
197 235
396 396
345 346
452 453
280 288
280 284
280 285
256 481
256 257
248 249
178 179
178 254
310 312
227 228
227 231
11 20
11 12
11 377
537 538
352 354
410 411
264 280
298 471
298 299
100 103
100 105
508 509
255 256
255 352
255 431
255 379
255 426
255 548
255 524
255 261
255 545
255 404
255 488
122 124
147 152
147 158
147 154
277 278
277 314
346 346
395 396
358 360
520 522
128 129
53 70
53 54
53 91
292 293
445 449
502 552
502 503
496 497
528 528
74 75
485 485
120 256
120 121
369 374
102 103
102 105
412 413
216 218
547 550
386 388
187 188
187 201
350 353
350 351
290 292
290 291
108 110
500 520
500 511
500 503
500 501
500 517
522 522
435 436
67 69
67 91
336 337
137 142
137 138
418 425
418 419
418 442
418 438
13 14
13 21
335 336
288 289
288 293
232 249
436 437
170 173
170 175
240 241
24 26
24 25
318 319
469 473
469 470
385 386
215 227
215 222
215 220
215 244
207 232
207 253
207 251
207 548
207 419
207 402
207 545
207 367
207 258
51 97
51 114
51 106
312 331
312 319
312 322
312 313
450 454
450 472
238 247
238 239
282 288
282 284
486 487
160 164
160 161
329 369
329 486
329 343
329 515
329 361
329 454
329 511
329 529
329 400
329 554
329 477
329 430
431 436
42 44
159 160
204 206
30 32
30 451
30 36
30 33
343 344
27 28
27 37
27 265
27 31
562 564
56 58
80 102
80 180
80 234
80 99
80 195
80 96
80 95
493 493
479 523
479 480
481 482
48 49
443 446
443 444
134 504
134 136
98 100
98 224
55 56
55 70
211 213
381 384
381 387
64 66
393 394
379 380
519 519
544 544
253 345
253 500
253 375
253 254
253 422
253 480
429 430
184 185
92 93
331 337
77 79
16 27
16 25
16 18
433 434
144 162
144 180
144 234
274 431
274 426
274 275
341 532
341 475
341 365
341 434
341 478
341 558
341 342
341 517
341 488
341 557
119 256
119 121
409 411
534 535
90 91
267 270
483 486
483 491
483 484
491 493
32 450
32 48
32 46
88 89
441 445
224 225
40 46
213 227
213 220
213 244
309 331
309 319
309 322
309 313
162 170
162 166
391 395
391 392
383 384
383 387
251 252
82 84
559 561
38 452
38 39
194 203
194 205
194 199
168 169
333 336
560 561
7 8
7 31
15 16
507 509
515 516
461 463
375 376
297 471
297 299
60 64
60 62
59 62
538 538
130 176
476 523
476 480
142 143
142 183
142 157
272 275
326 328
127 381
127 511
127 439
127 494
127 558
127 552
127 503
127 252
127 355
127 407
540 542
540 541
278 322
278 279
278 283
148 151
357 357
532 537
532 534
425 427
156 157
180 237
180 190
180 186
222 226
222 245
426 427
155 162
155 214
198 204
198 199
200 207
34 47
34 35
164 223
164 165
164 210
164 212
325 329
325 455
457 458
192 194
475 495
475 476
475 498
84 86
361 418
361 551
361 366
361 420
228 229
177 178
247 248
516 516
376 376
463 464
287 288
116 118
305 312
305 307
317 319
406 406
202 203
220 232
220 243
44 45
44 453
19 21
564 564
237 238
555 556
190 204
190 203
190 199
208 215
208 225
208 209
548 562
548 549
548 557
270 277
270 318
270 276
270 315
140 141
556 556
132 133
132 521
188 204
188 199
62 63
527 528
363 474
363 364
530 530
94 98
94 96
94 95
94 210
138 141
182 197
182 190
182 186
542 544
405 406
417 418
417 428
115 116
306 312
306 307
107 122
107 120
107 119
107 125
68 69
104 107
423 423
259 383
259 261
259 408
259 356
259 438
259 488
259 525
72 98
72 96
72 95
72 210
551 552
97 104
97 118
414 416
260 261
524 525
78 79
449 449
301 323
301 466
301 462
513 516
373 433
373 421
373 374
399 400
349 353
349 351
111 113
401 412
401 408
401 402
22 24
234 235
0 2
0 3
473 474
499 520
499 546
499 554
499 501
499 563
499 517
323 461
323 325
323 465
47 450
47 48
284 289
284 293
28 29
153 155
314 321
314 324
2 4
2 7
421 426
421 439
421 444
421 422
174 176
553 556
244 246
20 21
339 340
87 88
87 533
167 170
167 168
366 391
366 383
366 367
366 377
8 38
8 330
8 29
454 470
303 304
219 220
219 244
219 231
37 264
37 38
37 283
389 395
389 392
511 513
511 514
465 467
371 414
371 372
466 467
262 373
262 371
262 263
262 398
113 120
113 119
113 123
113 125
354 354
70 71
124 259
124 126
403 403
365 429
365 417
365 414
365 366
471 475
489 489
321 457
321 323
321 466
321 462
268 269
294 297
439 440
504 508
504 505
151 152
151 158
151 154
359 360
533 537
533 534
129 178
129 130
360 360
75 80
75 183
484 485
57 58
299 520
299 343
299 562
299 399
299 372
299 539
299 563
143 144
143 195
143 163
273 275
273 422
509 509
434 435
434 447
26 28
26 37
26 265
26 31
201 203
25 29
541 544
179 495
179 412
179 391
179 249
179 447
179 498
179 480
179 258
179 442
179 250
249 252
193 194
181 186
181 233
334 335
76 79
131 133
131 518
459 466
459 460
223 224
460 463
214 215
384 386
61 64
61 62
344 345
344 352
344 358
344 347
344 355
468 469
531 537
531 534
5 8
5 31
17 27
17 25
17 18
239 241
494 548
494 499
462 463
462 465
266 267
289 291
271 277
271 318
271 276
271 316
141 143
141 183
141 157
203 207
319 321
319 324
109 110
543 544
254 524
254 257
183 196
183 185
183 189
191 192
362 474
362 364
265 280
419 423
529 530
133 142
133 138
444 445
368 376
6 7
221 226
394 396
63 72
63 101
428 430
275 277
275 318
275 276
275 315
145 155
196 198
196 201
196 236
397 527
397 484
397 546
397 420
397 549
397 501
397 477
397 398
447 448
372 421
372 374
372 432
512 513
512 514
400 401
400 404
400 407
73 75
99 100
99 181
1 346
1 2
1 3
226 228
226 231
535 538
422 423
257 262
110 111
518 519
378 380
300 458
300 301
300 324
322 457
322 323
322 466
322 462
536 537
152 164
152 153
152 161
225 226
225 245
478 495
478 479
478 498
49 369
49 414
49 504
49 397
49 470
49 263
328 329
328 467
328 464
328 455
14 16
497 499
497 510
261 262
195 196
472 473
276 278
276 314
146 159
146 152
146 154
347 349
347 356
23 24
158 160
550 550
217 218
546 547
205 247
205 239
205 206
150 562
150 564
150 151
39 40
39 47
558 559
558 560
387 388
186 188
186 201
169 173
169 175
320 321
302 304
71 72
71 101
552 553
337 341
89 94
89 101
136 142
136 138
470 471
3 4
3 7
308 309
308 311
66 71
437 437
65 66
118 122
118 120
118 119
118 125
370 372
510 511
510 558
408 409
54 58
135 515
135 136
112 113
487 487
263 366
263 344
185 186
185 233
420 435
420 421
420 447
402 403
21 24
206 207
545 546
545 558
545 552
545 554
545 563
521 522
45 450
45 48
45 46
96 97
96 114
229 232
453 454
453 472
304 309
101 102
101 215
101 212
199 248
199 200
173 178
173 174
554 555
243 246
10 20
10 367
10 12
411 411
503 516
503 504
503 518
503 521
281 282
281 286
149 151
149 557
279 280
293 298
293 363
293 294
293 362
52 63
311 312
114 116
353 354
539 542
539 541
123 124
58 63
404 406
231 232
95 97
95 114
46 49
50 121
86 89
523 525
139 142
139 140
451 453
69 70
514 516
374 381
374 379
374 375
374 389
549 550
103 104
103 113
103 118
424 427
241 248
171 172
36 452
36 39
189 237
189 190
166 169
367 368
413 413
324 325
18 26
18 25
165 170
165 166
291 298
291 363
291 294
291 362
35 46
283 288
283 284
283 285
501 508
501 505
467 468
313 314
154 155
209 213
12 24
12 16
351 354
121 127
85 86
474 475
233 235
330 331
330 338
563 564
342 343
342 399
342 421
342 531
342 518
342 374
477 478
296 297
506 507
245 246
175 177
175 176
492 493
29 32
29 451
29 33
464 469
348 349
210 215
210 211
210 225
380 380
356 357
157 162
157 180
157 234
455 469
327 328
126 127
43 44
498 499
498 510
93 94
93 101
79 80
79 183
81 88
81 84
364 373
364 365
364 478
364 521
364 490
448 449
456 467
456 464
125 259
125 126
480 482
480 488
252 373
252 371
252 263
252 398
355 357
427 437
398 429
398 417
398 400
430 446
430 431
258 261
505 507
246 248
246 255
246 500
246 435
246 251
246 425
246 349
246 377
176 179
176 254
517 519
377 378
31 452
31 32
31 39
31 451
31 33
295 298
295 363
295 362
295 296
442 445
161 162
161 214
392 394
407 409
561 561
415 416
269 270
286 289
286 293
438 440
482 483
250 446
250 358
250 251
250 389
250 444
117 118
105 106
316 317
390 391
440 440
236 247
236 239
488 489
525 531
525 526
432 434
41 42
526 532
526 527
526 529
526 539
83 84
91 93
235 236
9 264
9 25
490 491
340 341
218 219
218 229
218 245
332 333
557 561
388 388
307 309
315 317
106 107
33 47
33 35
285 286
382 383
338 340
163 181
163 165
416 418
212 213
