996635
996070
996023
995951
996716
996549
996093
996365
996058
996134
996646
996609
996656
996819
996736
995867
996826
996526
996366
996607
996550
996290
996757
996328
996253
996181
996454
996125
996758
995868
996205
996620
996271
996024
996591
995860
996095
996798
996250
996797
996823
995822
996529
996818
996523
996568
996717
996451
996621
996243
996182
996204
997660
997394
997927
997668
997767
997528
997746
997824
997720
997744
996873
997570
997268
996849
997795
997863
997518
997484
997283
996949
997272
997678
996881
997788
997155
997006
997362
997368
997005
997198
997196
997349
997589
997202
997162
997360
997659
997663
997322
997573
997765
997205
997624
997587
997347
997924
997878
997329
997241
997223
997157
996950
997161
997371
997722
997832
997513
997794
997221
997319
997141
997243
997203
996874
997819
998432
998132
998043
998775
998852
998112
998114
998414
998412
998306
998213
998522
998347
998773
998145
998258
998381
998437
998847
998066
998206
998033
998200
998257
998786
998377
998218
998296
998417
998523
998017
998035
998772
998732
998165
998776
998769
998701
998909
998782
998887
998146
998224
998473
998577
998003
998767
998305
998360
998407
998225
998220
998506
998719
998863
998022
998472
998659
998002
998902
998198
998586
998431
998518
998168
999383
999122
999083
999778
999905
999017
999170
999099
999754
999730
999490
999903
999518
1000013
999709
999713
999126
999491
999932
999084
1000051
999169
999960
999384
999751
999694
999711
1000049
999705
999741
1000017
999097
999428
999571
999123
999393
1000047
999791
999109
999131
999570
999009
999135
999738
999120
999707
1000981
1000117
1000143
1000622
1000111
1000963
1000245
1000946
1000674
1000851
1000636
1000144
1000616
1000345
1000259
1000226
1000804
1000283
1000444
1000861
1000246
1000356
1000524
1000893
1000231
1000726
1000730
1000686
1000748
1000829
1000109
1000075
1000947
1000506
1000180
1000894
1000522
1000362
1000717
1001068
1001077
1000612
1000076
1000119
1000685
1001778
1001698
1001999
1001128
1001596
1001259
1001899
1001170
1001090
1001379
1001966
1002047
1001261
1001490
1001570
1001575
1001968
1001814
1001869
1001510
1001395
1001215
1001595
1001220
1001151
1001378
1001643
1001193
1001413
1001488
1001145
1001577
1001637
1001414
1001094
1001870
1001779
1001699
1001394
1001214
1001218
1002643
1002394
1002753
1002532
1002264
1002431
1002663
1002486
1002755
1002749
1003118
1002432
1002956
1002829
1002469
1002359
1002940
1002216
1003026
1003053
1002229
1002361
1002788
1003232
1002344
1002349
1002467
1002275
1002827
1002396
1002926
1002790
1003212
1002335
1002204
1002444
1002233
1003239
1002202
1003222
1003049
1003055
1002748
1002536
1002265
1002280
1002276
1002298
1002342
1002954
1002200
1002278
1002336
1002869
1002340
1002476
1004141
1004152
1004331
1003453
1003439
1003655
1003923
1004371
1003635
1003375
1003437
1003675
1003796
1003320
1003721
1003446
1003564
1003398
1003942
1004384
1003870
1003641
1003392
1003304
1003685
1003963
1003391
1003385
1004381
1004145
1003319
1004039
1004100
1003890
1003683
1003938
1003566
1003442
1003724
1003722
1003371
1003713
1003523
1003527
1004224
1004037
1003342
1003894
1003325
1003519
1003950
1003935
1004205
1004369
1003680
1004151
1003327
1004332
1003343
1003797
1005194
1004616
1004817
1005036
1004739
1004420
1004740
1004989
1004813
1005345
1005444
1004630
1005050
1005291
1005293
1004460
1004797
1004509
1005021
1004571
1004923
1004696
1004980
1005447
1004578
1004959
1005193
1004968
1005209
1004814
1005026
1004801
1004952
1004462
1004442
1004643
1005333
1004837
1004699
1004733
1004844
1004819
1004728
1005030
1005208
1004976
1004570
1004727
1004802
1004806
1005051
1005302
1004406
1004508
1004897
1005183
1005158
1004960
1004971
1005065
1004644
1005683
1006315
1006560
1006285
1006498
1005767
1005625
1005957
1006386
1005975
1005590
1006565
1006574
1005909
1005886
1006038
1005808
1005619
1005980
1006111
1005628
1005885
1005908
1005806
1006320
1006087
1005824
1006575
1005858
1005634
1006411
1005766
1005894
1005494
1006044
1005863
1006380
1005981
1005611
1005954
1005612
1005780
1005896
1005764
1005563
1006279
1006046
1006497
1005665
1005663
1005675
1006171
1005499
1006481
1005779
1005763
1005891
1005682
1006312
1006317
1006137
1006336
1005674
1006677
1007109
1007618
1007285
1006940
1006768
1007386
1007287
1006850
1007622
1007476
1007537
1007513
1006664
1007543
1007387
1006672
1006611
1006652
1006888
1007412
1007229
1006779
1007134
1006715
1006770
1007490
1006780
1007230
1006890
1006827
1006786
1006654
1006674
1007582
1006900
1007111
1006662
1006887
1006983
1007085
1007096
1007474
1006678
1006644
1006938
1007133
1006787
1007352
1007208
1007462
1006607
1007599
1006687
1008192
1008502
1007687
1008391
1008331
1008450
1008167
1008506
1008019
1008795
1008810
1007743
1007707
1008427
1007765
1007886
1008799
1007861
1008797
1008295
1008388
1008225
1007918
1007773
1008815
1008193
1008175
1007919
1008014
1007754
1007885
1008570
1008312
1007860
1007791
1007736
1008687
1008467
1008334
1007699
1007744
1007792
1008318
1008617
1008345
1007755
1008287
1008267
1008402
1008809
1008157
1008615
1008343
1008258
1008608
1008449
1007737
1008361
1009826
1009017
1009763
1008961
1009129
1009096
1009851
1009847
1009487
1009742
1008922
1009641
1009099
1009721
1009645
1009132
1009483
1009852
1009762
1009506
1009719
1009844
1008965
1009515
1009505
1009518
1008966
1009342
1009151
1009804
1009695
1009375
1009672
1009341
1009191
1009146
1008871
1009461
1009824
1008930
1009189
1010173
1010216
1010942
1010694
1010035
1009995
1010011
1010407
1010631
1010364
1010615
1009886
1010428
1009992
1010221
1010798
1010794
1010679
1010376
1010341
1010021
1010041
1010363
1010116
1010153
1010492
1010434
1010143
1010633
1010160
1010824
1010937
1010688
1010161
1010088
1010287
1010140
1009931
1010819
1010700
1010222
1010285
1010036
1010018
1010433
1010800
1010115
1010377
1010430
1010091
1009929
1010626
1010381
1010667
1010702
1011054
1011792
1011053
1011849
1010966
1011039
1011431
1011617
1011517
1011165
1011195
1011197
1011745
1012045
1011259
1011887
1011331
1012033
1012018
1011443
1011063
1011616
1011516
1011371
1012017
1011542
1011265
1011932
1011478
1012024
1011086
1011214
1012005
1011876
1010976
1011705
1011815
1011654
1011734
1011256
1011076
1011260
1011062
1011333
1010993
1011532
1011974
1011698
1010956
1011512
1011850
1012006
1011176
1011877
1011180
1011539
1010975
1011500
1011255
1011257
1011077
1011075
1011884
1011712
1011769
1011199
1011813
1012028
1011435
1012273
1012530
1012408
1012453
1012425
1012782
1013041
1012881
1012924
1012684
1012468
1012780
1012798
1012870
1012362
1012342
1012957
1012346
1012240
1012359
1012361
1012888
1012795
1013017
1012871
1012353
1012701
1012349
1012644
1012788
1012909
1012172
1012683
1012470
1012766
1012338
1012662
1012642
1012742
1012094
1012358
1012174
1012454
1012724
1012512
1013140
1012484
1012700
1012255
1012391
1012878
1012765
1012511
1013135
1013043
1013063
1012956
1012423
1012237
1013462
1013464
1013594
1013592
1013710
1013685
1013748
1013623
1014226
1014266
1013938
1013408
1013346
1014253
1013636
1013858
1013440
1013416
1013650
1013671
1013651
1013386
1013728
1013352
1014178
1014113
1013410
1013621
1013808
1013470
1014269
1013804
1014228
1014268
1013235
1014114
1014047
1013727
1013443
1013434
1013415
1013798
1013637
1013807
1013707
1015255
1014500
1014603
1015146
1014888
1014868
1014571
1014297
1014566
1014908
1015049
1014742
1014543
1014564
1015246
1015050
1014867
1014666
1014558
1014499
1015294
1014847
1014990
1015290
1014907
1015025
1014611
1014391
1014813
1014884
1014600
1014689
1015018
1014514
1014545
1014589
1014985
1014963
1015295
1015297
1014673
1014688
1014674
1014612
1014964
1015023
1015105
1014516
1014981
1014584
1014665
1015291
1014838
1015564
1015921
1015950
1015433
1016043
1015771
1016319
1015566
1016139
1016144
1016320
1015907
1015768
1015633
1015815
1015810
1015472
1016189
1015434
1015702
1015575
1015781
1015627
1016034
1015687
1015708
1015949
1015406
1016132
1016396
1015583
1015782
1015688
1016115
1016045
1015628
1015435
1015801
1015977
1017471
1017143
1017533
1016878
1016884
1016913
1017411
1017531
1017336
1017415
1016875
1016973
1016791
1016874
1017067
1017058
1017103
1017414
1017144
1017007
1017052
1017436
1016885
1017054
1017444
1017271
1017403
1016792
1017094
1016988
1017057
1017497
1017042
1017434
1016934
1016738
1016530
1016921
1016904
1016965
1016877
1016731
1017051
1018123
1017652
1018151
1018061
1017672
1017639
1017799
1017788
1018680
1018342
1017883
1018534
1018082
1017800
1017640
1017688
1017906
1017904
1017944
1017946
1018652
1018451
1017793
1018553
1017869
1018148
1017862
1018469
1018538
1017910
1018006
1017884
1018199
1017689
1018470
1017971
1018141
1017864
1018005
1018660
1018668
1017671
1018851
1019433
1018994
1018882
1018884
1019332
1019238
1019755
1019031
1018916
1019470
1018824
1019258
1019435
1019278
1019699
1019664
1018828
1018811
1018769
1018725
1019715
1019520
1019060
1019335
1018995
1019065
1019531
1019277
1019486
1019562
1019246
1018770
1018775
1019325
1019298
1019782
1019561
1019420
1019207
1019532
1019804
1019012
1018848
1018777
1019422
1019240
1019649
1019780
1019382
1019388
1019149
1019803
1019017
1019544
1019542
1019262
1018701
1019032
1019423
1018801
1019152
1018813
1019061
1019827
1020157
1020356
1020908
1019991
1020337
1020115
1019905
1019857
1020811
1020775
1020394
1020158
1020465
1020909
1020609
1020218
1019971
1020262
1020139
1020617
1020619
1020845
1020767
1020225
1020773
1020133
1019997
1020113
1020442
1020121
1020396
1020480
1020667
1020055
1020809
1020578
1019902
1020761
1020336
1019972
1020298
1020146
1020431
1020227
1020092
1021405
1021379
1021349
1021154
1021422
1021136
1021474
1021122
1021574
1021555
1021725
1021351
1021424
1021982
1021615
1021515
1021572
1021023
1021252
1021421
1020970
1021499
1021123
1021236
1021312
1021983
1021069
1021710
1021918
1021755
1021931
1021627
1021527
1021004
1021167
1021155
1021388
1021088
1021241
1021404
1021006
1021135
1021781
1021882
1021925
1021419
1021025
1021299
1021361
1021766
1021617
1021078
1021429
1021786
1021773
1021628
1021168
1021528
1021524
1022039
1022132
1022283
1022620
1022932
1022130
1022076
1022846
1022332
1023094
1022944
1022239
1022839
1022841
1022978
1022288
1022018
1022023
1023095
1022743
1022035
1022931
1022383
1022135
1023089
1023009
1022770
1022551
1022610
1022021
1022390
1022291
1022663
1022048
1023056
1022238
1022082
1022554
1022570
1022511
1022744
1022634
1022100
1022191
1022980
1023063
1022676
1023540
1023316
1023771
1023830
1023180
1024076
1023843
1023351
1024285
1024060
1023357
1023529
1023315
1023181
1024152
1023770
1023696
1023348
1023930
1023358
1024283
1024040
1023691
1024135
1023224
1023196
1023270
1024320
1023724
1023951
1023219
1023841
1023272
1024126
1024321
1024034
1023267
1023857
1023699
1023694
1024669
1024774
1025289
1024778
1024608
1024332
1025036
1024953
1024648
1025019
1024780
1025372
1024709
1024661
1024710
1024609
1024773
1025355
1025288
1025304
1025183
1025351
1025169
1025082
1024552
1025081
1024649
1024550
1025192
1024398
1024672
1024866
1024696
1024820
1024613
1024400
1025181
1025392
1024698
1024818
1024985
1024885
1024883
1025017
1024826
1025370
1024335
1024897
1024614
1025390
1024863
1024782
1024787
1024815
1025939
1025918
1025619
1025524
1026527
1025552
1025536
1026264
1026607
1026353
1026182
1025998
1025533
1026414
1026375
1025718
1026319
1026620
1026568
1026007
1025736
1025986
1025653
1026408
1025692
1025535
1026078
1026181
1026252
1026539
1025527
1026427
1025523
1025647
1025938
1025623
1026476
1025616
1026091
1025916
1026230
1025512
1026464
1025621
1026475
1026197
1026248
1026429
1026533
1026571
1025617
1025589
1025554
1026535
1026195
1025642
1025574
1025999
1025568
1027059
1027413
1026735
1026763
1027308
1027622
1027433
1026877
1026775
1026866
1027152
1027494
1027291
1026675
1027244
1026762
1026994
1027685
1026898
1027708
1026726
1027619
1027562
1027535
1026878
1027149
1027221
1027357
1026850
1026776
1027702
1027534
1027355
1027217
1027223
1026965
1027380
1027166
1026827
1027129
1027431
1026734
1027469
1026730
1026867
1026944
1026830
1027072
1026768
1027683
1027561
1027706
1026942
1026770
1027128
1028769
1028404
1028361
1027891
1027787
1028346
1027874
1028762
1028520
1028205
1028166
1028448
1028071
1027890
1028067
1028171
1028420
1028517
1027871
1028112
1027867
1027865
1027930
1028552
1028167
1027951
1027822
1028468
1027957
1028449
1027984
1028392
1027938
1028470
1027904
1028661
1028387
1028402
1027875
1028109
1027821
1028497
1027948
1029232
1029508
1029856
1029303
1029414
1029518
1029671
1029522
1029427
1029619
1029867
1029068
1028890
1029426
1029188
1029447
1029326
1029866
1029231
1029343
1029200
1029735
1029420
1029793
1029291
1029616
1029306
1029059
1028877
1029857
1029058
1028885
1029335
1029413
1029752
1029621
1029497
1029265
1029261
1028847
1028878
1029263
1029596
1029816
1028882
1028889
1028809
1029622
1028925
1029626
1029262
1029656
1029815
1029727
1029723
1029734
1029769
1029757
1028923
1029114
1029740
1029189
1030310
1030600
1030864
1030556
1030731
1030827
1030642
1030947
1030822
1030132
1030870
1030703
1030598
1029908
1030618
1030419
1030122
1030209
1029980
1030690
1030309
1030946
1030485
1029930
1030474
1030267
1029935
1030855
1030771
1030734
1030405
1030409
1030055
1030277
1030856
1030406
1030422
1030473
1030056
1030490
1030823
1030643
1030486
1030124
1030733
1030211
1029916
1030829
1031500
1031667
1031421
1031810
1031513
1031613
1031296
1031578
1031443
1031159
1031748
1031941
1031573
1031132
1030996
1031161
1031488
1031534
1032025
1031445
1031031
1032073
1031198
1031299
1031552
1031134
1031618
1031505
1031187
1031809
1031092
1031383
1031844
1032075
1031702
1031536
1031189
1031372
1031807
1031420
1031906
1031413
1031167
1031387
1031400
1030995
1031188
1031804
1031703
1031949
1031554
1031602
1031325
1031519
1031575
1031389
1031685
1032058
1031206
1033123
1032196
1032499
1032413
1032842
1032192
1032150
1033121
1032304
1032610
1032649
1033158
1032794
1032689
1032456
1032935
1032555
1032453
1033027
1033037
1032557
1033021
1033044
1032412
1032889
1032798
1032226
1032619
1033002
1032637
1032138
1032224
1032483
1032187
1032899
1032797
1032463
1032657
1032910
1032485
1033155
1032891
1033005
1032202
1032209
1032981
1032206
1032302
1032186
1032632
1033043
1032648
1032888
1032500
1032514
1033294
1034198
1033904
1033974
1033888
1033875
1034248
1033720
1033538
1033922
1033952
1034214
1034246
1033314
1033963
1033691
1033342
1033418
1034153
1034275
1033295
1033737
1033984
1033874
1033966
1033613
1034213
1033313
1033593
1034224
1033333
1033592
1033971
1033417
1033685
1033383
1033793
1034148
1033893
1033609
1033589
1034260
1033343
1033688
1033708
1033384
1033610
1033304
1034253
1033588
1033923
1033310
1033791
1034421
1035403
1034933
1034556
1035025
1034415
1034878
1034815
1035392
1035060
1034932
1034877
1034654
1035137
1034553
1034635
1034699
1034424
1034428
1035247
1034652
1034656
1035391
1034899
1034659
1034450
1034816
1034449
1034986
1034701
1034625
1034946
1035046
1034604
1035024
1034776
1034833
1034806
1034603
1034601
1035068
1034372
1035265
1034636
1034778
1034380
1036132
1036551
1035498
1036194
1035560
1036236
1036105
1036070
1036512
1036453
1035496
1036538
1036541
1035698
1036546
1036537
1036179
1035895
1035969
1036469
1036391
1036054
1036548
1036202
1036582
1036479
1035894
1035606
1035627
1036273
1036539
1036262
1036558
1035559
1035631
1036585
1036002
1036555
1035699
1035528
1036033
1035607
1036484
1036134
1036495
1036468
1035972
1037170
1037430
1037812
1037436
1037598
1037288
1036727
1037424
1037478
1037645
1036850
1037514
1037047
1037392
1036866
1037652
1037295
1037099
1037159
1036722
1037171
1037164
1037312
1037697
1037393
1037042
1037122
1037173
1037578
1037717
1037608
1037523
1037642
1037357
1037286
1036893
1037548
1037601
1036911
1036902
1037381
1037765
1036971
1036928
1036792
1037704
1036749
1037426
1036916
1037694
1037389
1037826
1036731
1036849
1037097
1037263
1036972
1037366
1037519
1037479
1037261
1036795
1038265
1038420
1038269
1038743
1037930
1038171
1038687
1038670
1038173
1038666
1038725
1037899
1038352
1038838
1038204
1038540
1037873
1038329
1037962
1038665
1038614
1038104
1038726
1037929
1038058
1038706
1038444
1038311
1038412
1038532
1037941
1038542
1038569
1037975
1037939
1038613
1038601
1038108
1038798
1037955
1038530
1038203
1037976
1038698
1038418
1038836
1038413
1038478
1038739
1037954
1038386
1038840
1039832
1039577
1039163
1039653
1039000
1039929
1039742
1039165
1039142
1039212
1039885
1039118
1039321
1039205
1039930
1039312
1039747
1039526
1039147
1039894
1039865
1039177
1039097
1039196
1039964
1039924
1039900
1039134
1039866
1038933
1039128
1039843
1039963
1038909
1039601
1039749
1039738
1039131
1039731
1039936
1039694
1039942
1039175
1039126
1039011
1039239
1040937
1040743
1041022
1040946
1040228
1040300
1040460
1040146
1041011
1041009
1040106
1039982
1040530
1040944
1041094
1040466
1040260
1040301
1040074
1040448
1040105
1040721
1041067
1040478
1041025
1041012
1040359
1040143
1041088
1040422
1041093
1040903
1041042
1040977
1040572
1040458
1040451
1040234
1040740
1040639
1039978
1040830
1041062
1040367
1040637
1040657
1041008
1040745
1041039
1040794
1041001
1041620
1042209
1041700
1041693
1041507
1042131
1041218
1041657
1041170
1041926
1042002
1041668
1041893
1041825
1041430
1041506
1041499
1041885
1041694
1041834
1041323
1042079
1042022
1041288
1042019
1042147
1041659
1041196
1041267
1041161
1041951
1041294
1041598
1042127
1041788
1041895
1041364
1042175
1041468
1041219
1042128
1041363
1041911
1041466
1041285
1042202
1041902
1041884
1041701
1041723
1042080
1043240
1043237
1043302
1043018
1042337
1042703
1042642
1042646
1043004
1042651
1042481
1043300
1043370
1043088
1042341
1042339
1042307
1043228
1042468
1042377
1042480
1043310
1042935
1042678
1042376
1042278
1042839
1042833
1042404
1042670
1042711
1042469
1042591
1042343
1043194
1042951
1042387
1043407
1042390
1043227
1043232
1042882
1043261
1042592
1043192
1042988
1042701
1042667
1043388
1042762
1043234
1044219
1043880
1043609
1043970
1044262
1044247
1043714
1044102
1044163
1043419
1043819
1044037
1043960
1044141
1044222
1043958
1043610
1043847
1043579
1044097
1044164
1044095
1044140
1043426
1043967
1043449
1043577
1043712
1043758
1044416
1043428
1043863
1043998
1043971
1044260
1043866
1043996
1044173
1043455
1044038
1043697
1043825
1043741
1044878
1044658
1045068
1044715
1045355
1044660
1045299
1045471
1044983
1044742
1045478
1045422
1044519
1044758
1045376
1044515
1044513
1045505
1044895
1045307
1044716
1045316
1045462
1045472
1045022
1044726
1045387
1045090
1044730
1044512
1044845
1045425
1045338
1044935
1044605
1044601
1044526
1045461
1045241
1044830
1045089
1045242
1045074
1044998
1044881
1046115
1045645
1046097
1046405
1046694
1046678
1045749
1046444
1045862
1046113
1045708
1046654
1046099
1045680
1046352
1045725
1045848
1045702
1045608
1045700
1046445
1046331
1046240
1045847
1045834
1046121
1045744
1046074
1045710
1045746
1046122
1045683
1045859
1045698
1046239
1046211
1045797
1046625
1045752
1046681
1046386
1046290
1046343
1046680
1045731
1045736
1046324
1045701
1045659
1046390
1046129
1046344
1046633
1045653
1046291
1047586
1047780
1047241
1046885
1047062
1046739
1047793
1047019
1047026
1046862
1047550
1046828
1047587
1047322
1046786
1047240
1046861
1047627
1047170
1047068
1047373
1047324
1047763
1046783
1046788
1047082
1047096
1047029
1047765
1046977
1047173
1047745
1046911
1047751
1047569
1047372
1046796
1047638
1047517
1046782
1047069
1047413
1047752
1047748
1047267
1046940
1046976
1046884
1047247
1047483
1047743
1047792
1046906
1046795
1046954
1047529
1048003
1048617
1048327
1048888
1048385
1047852
1048544
1047952
1048488
1048004
1048326
1048089
1047915
1048641
1048199
1047858
1048236
1048669
1048507
1048115
1047978
1048113
1047992
1048230
1048881
1047926
1048345
1048447
1048504
1048877
1048197
1048846
1047914
1047986
1047995
1048362
1048869
1047868
1047832
1048607
1048802
1048821
1048234
1048446
1048876
1048231
1048384
1048090
1047879
1048364
1047853
1048044
1048606
1049106
1048980
1049684
1048913
1049558
1049664
1049006
1049231
1049646
1049136
1049526
1049666
1049644
1049825
1049101
1049007
1049675
1049003
1049096
1049089
1049316
1049941
1049599
1049444
1049318
1049221
1049223
1049064
1049088
1049550
1049244
1048988
1049693
1049980
1049386
1049848
1049099
1049809
1049344
1049183
1049559
1049585
1049978
1049674
1049938
1049343
1049616
1049184
1049920
1049061
1049247
1049744
1049015
1049230
1049199
1048981
1048995
1049618
1049473
1050893
1050267
1050819
1051012
1050875
1050242
1050380
1050200
1050376
1050967
1050087
1050461
1050167
1050104
1050147
1050896
1050238
1050447
1050399
1050878
1050106
1050363
1050844
1050132
1050794
1050631
1050241
1050932
1050192
1050850
1050197
1050401
1050384
1050090
1050448
1050237
1050966
1050277
1050468
1050102
1050168
1050863
1050620
1050265
1050263
1050897
1050964
1051523
1051940
1051935
1051643
1051785
1051612
1052161
1051758
1051146
1051881
1051641
1051521
1051619
1052013
1052177
1051782
1051160
1052159
1051428
1051885
1051757
1052116
1052012
1051553
1051209
1051815
1051427
1051874
1051163
1052155
1051982
1051747
1051138
1051376
1051937
1051629
1051998
1052114
1052058
1051744
1051145
1052153
1051628
1051942
1051377
1053021
1053240
1052735
1052332
1052592
1052885
1052545
1052513
1052758
1053109
1052635
1052640
1052571
1052669
1052369
1053135
1052455
1052629
1052985
1052865
1053010
1052770
1053069
1052883
1052593
1053103
1052852
1052488
1052429
1052677
1052872
1052634
1052902
1052570
1052557
1052768
1052317
1053237
1053020
1052678
1052282
1052638
1052625
1052543
1052453
1053117
1052897
1052449
1052539
1053044
1052760
1053139
1052749
1052318
1052742
1052451
1052514
1052325
1053009
1052582
1053978
1053938
1053924
1054005
1053650
1053757
1053486
1053613
1053688
1053592
1054359
1053379
1054038
1053447
1053963
1054022
1053937
1053414
1053494
1053760
1053487
1054205
1053605
1053828
1053364
1054264
1053582
1053397
1053363
1053834
1054153
1053412
1054023
1053741
1054140
1054086
1053493
1053742
1054358
1054039
1053396
1053373
1054220
1054212
1054009
1054141
1053541
1053827
1053380
1054877
1054709
1054797
1054696
1054616
1054781
1054707
1054634
1054636
1054774
1054583
1055409
1054420
1054888
1055400
1054628
1054496
1054432
1054874
1054580
1054561
1054798
1055346
1054713
1054873
1054612
1054744
1055265
1055230
1054591
1054454
1054693
1054885
1054742
1054503
1055403
1055703
1056020
1056115
1056520
1055874
1055567
1055865
1056176
1056210
1055778
1055984
1055862
1055864
1055602
1056431
1055611
1055708
1056468
1056576
1056299
1056211
1056025
1056452
1056272
1055554
1056184
1056265
1055652
1055886
1055629
1056068
1055776
1055938
1056399
1055686
1056267
1055980
1055981
1056573
1056044
1055794
1055553
1056174
1055939
1056126
1055693
1056019
1055798
1056366
1056499
1055595
1056579
1056441
1056827
1057192
1056925
1057173
1057668
1057505
1057460
1057493
1056923
1057171
1057322
1057594
1056607
1057416
1057254
1056720
1057631
1057635
1057401
1057520
1057608
1057459
1057329
1056746
1057228
1056960
1057655
1057516
1057498
1057385
1057359
1057232
1057252
1056829
1057658
1056640
1057413
1057360
1057632
1056966
1057008
1057571
1056775
1057190
1056633
1057776
1058716
1058083
1058712
1058409
1057890
1058449
1058074
1058647
1058141
1058502
1058231
1058251
1058643
1058360
1057795
1058166
1058082
1058139
1057739
1058662
1058666
1058445
1058019
1057974
1058327
1058574
1058232
1058646
1058075
1058027
1058359
1058304
1058320
1058609
1058377
1057993
1058652
1057892
1058012
1058091
1058034
1058407
1057791
1058477
1057938
1058329
1057909
1057980
1058613
1057992
1058267
1058033
1058011
1057779
1057927
1058024
1058028
1059145
1058968
1059171
1058858
1059826
1059165
1059089
1059512
1059372
1058765
1059294
1058762
1058963
1059064
1059062
1059696
1059808
1059259
1059366
1059813
1058969
1058798
1059619
1059192
1059444
1059226
1059132
1059650
1059604
1059094
1059291
1058912
1059166
1059232
1059234
1059462
1059371
1059443
1059113
1059190
1059230
1059133
1059672
1059674
1059097
1059365
1059170
1058913
1059090
1059237
1060723
1059918
1060272
1060260
1060593
1060537
1060611
1060627
1060568
1060721
1060626
1060163
1059903
1060609
1060096
1060679
1060041
1060259
1060566
1060957
1060588
1060427
1060124
1060705
1060339
1060526
1060030
1060087
1060851
1060607
1060912
1060907
1060931
1060162
1060094
1060032
1060618
1060051
1060853
1060326
1060795
1060539
1060425
1060184
1060379
1060616
1060732
1060794
1060036
1060808
1060810
1060598
1060274
1060814
1061584
1061233
1061779
1061578
1061831
1061113
1061345
1061887
1061231
1061620
1061082
1061840
1061943
1061929
1061426
1061565
1061537
1061583
1061811
1061245
1061791
1061931
1061925
1061571
1061942
1061021
1061403
1061653
1061085
1061540
1061538
1061405
1061123
1061383
1061337
1061812
1061480
1061478
1062086
1061384
1061927
1061574
1062883
1062762
1062433
1063092
1062539
1063283
1062296
1062616
1062301
1062259
1062419
1062295
1063355
1062373
1062233
1062313
1062191
1062472
1062628
1062195
1062337
1063334
1062495
1062781
1062311
1063320
1062302
1063097
1062513
1062615
1062335
1062645
1062440
1063196
1063145
1062498
1062263
1063330
1063332
1063259
1062806
1062815
1062932
1062668
1062670
1063155
1062642
1062891
1062489
1062257
1062542
1063193
1062705
1062363
1062443
1062931
1062759
1063885
1064425
1064224
1063624
1064494
1064282
1064374
1064308
1064405
1064001
1064492
1063994
1063756
1063498
1063707
1063755
1064197
1064302
1063438
1064239
1064237
1064501
1064309
1063998
1063457
1063476
1064497
1063390
1063376
1064185
1063956
1063681
1063725
1063690
1063474
1063428
1063454
1063385
1063436
1063685
1063978
1063389
1063496
1063427
1063860
1064375
1064913
1065120
1065035
1065268
1064806
1065538
1064713
1064585
1065532
1064544
1065316
1064800
1065191
1065337
1065189
1064564
1065315
1065578
1064788
1065263
1064717
1065032
1064744
1065021
1065411
1064996
1065261
1065424
1065071
1065069
1064616
1065581
1064751
1064789
1065355
1065305
1065175
1065503
1065297
1065306
1064611
1065024
1065414
1065421
1065526
1065127
1066669
1065776
1066051
1065944
1066268
1065962
1065822
1065738
1066656
1065642
1065829
1066542
1066654
1066018
1065938
1065798
1065740
1065675
1065903
1066102
1066015
1066466
1066544
1066192
1065643
1066106
1065957
1065881
1066034
1065915
1065904
1065655
1066533
1065918
1066670
1065937
1065799
1066653
1066097
1066557
1065830
1065680
1065989
1065982
1066328
1065793
1065925
1065883
1066531
1066036
1066411
1066385
1066639
1066386
1066590
1066322
1066568
1065965
1066493
1066049
1066839
1067734
1067521
1067033
1067722
1067208
1067674
1067856
1066955
1067803
1067055
1067034
1066887
1067022
1067461
1067653
1067484
1067687
1067086
1066855
1067859
1067087
1067651
1067676
1067517
1066984
1067830
1067828
1067522
1067716
1067612
1066876
1067468
1066894
1067185
1067685
1067482
1066903
1067046
1066856
1066794
1067203
1067621
1067712
1067492
1067317
1067576
1067462
1067052
1067161
1066983
1067047
1067184
1067207
1066884
1067560
1066793
1067469
1066893
1067084
1067072
1066804
1067198
1068770
1068631
1068183
1068392
1068905
1068119
1067983
1068958
1068009
1068060
1068628
1068677
1068632
1068142
1068008
1068006
1068868
1068690
1068297
1068462
1067894
1068393
1068730
1068212
1068085
1068657
1068343
1068942
1068512
1068210
1068193
1067973
1068291
1068086
1068126
1068773
1067989
1067956
1067975
1068161
1067967
1068805
1068434
1068120
1068903
1068786
1068673
1068292
1068059
1068511
1067952
1067957
1068315
1068192
1068894
1068835
1069624
1069284
1069712
1069493
1069216
1069439
1069491
1069735
1069625
1069613
1069885
1069693
1069065
1069918
1069560
1069922
1070000
1069698
1069189
1069269
1069811
1069565
1069694
1069780
1069368
1069366
1069288
1069650
1069191
1069610
1069209
1069795
1069935
1069440
1069616
1069306
1068992
1069846
1069893
1070001
1069208
1069736
1069093
1069924
1069089
1069580
1069389
1069300
1069575
1069895
1069049
1069559
1069654
1069718
1070605
1070155
1070778
1070521
1070259
1071006
1070193
1070158
1070126
1070696
1070991
1070596
1070471
1070174
1070260
1070552
1070246
1070687
1070592
1070518
1070370
1070950
1070161
1070142
1070674
1070694
1070522
1071060
1070825
1070215
1070167
1070550
1070832
1070841
1070642
1070661
1070794
1070201
1070479
1070689
1071059
1070079
1070123
1070653
1070777
1071589
1071452
1071224
1072035
1072298
1071682
1071992
1071547
1071467
1071854
1071986
1071340
1071314
1071375
1071626
1071546
1071822
1071468
1071373
1071681
1071477
1071590
1071978
1072065
1072138
1072136
1071165
1072081
1072055
1071223
1071478
1071634
1072315
1072314
1072106
1072045
1072295
1071853
1071450
1072232
1071932
1073227
1072810
1072371
1073075
1072909
1072926
1073436
1073088
1072874
1072920
1072814
1073363
1073228
1072680
1073072
1072847
1072539
1072761
1072850
1073160
1073076
1073424
1072362
1072994
1072662
1073231
1073393
1072540
1073207
1072679
1073178
1073010
1072763
1073438
1072941
1073081
1073432
1072505
1073173
1072407
1073394
1073204
1072507
1072660
1074357
1074471
1073694
1074132
1073886
1073725
1074475
1074395
1074497
1073884
1074308
1073517
1074045
1074384
1073724
1073519
1073521
1074069
1073682
1073785
1073590
1073686
1074454
1074381
1073684
1073568
1073566
1074241
1074147
1074378
1074094
1073732
1074252
1074332
1073674
1074500
1073603
1073451
1073734
1074429
1074202
1073676
1074263
1074505
1074086
1073750
1074143
1074221
1074120
1073839
1073916
1073740
1073756
1073718
1073454
1074106
1074430
1073488
1074122
1074492
1075641
1075499
1075429
1075255
1075568
1075644
1074667
1074697
1074586
1074858
1075466
1074970
1074670
1074795
1075494
1075314
1075430
1075005
1074931
1075588
1074927
1074767
1075634
1075212
1074675
1075087
1075229
1075304
1074944
1074641
1075105
1075584
1075050
1074993
1075546
1075313
1075493
1074559
1075535
1075468
1074588
1074676
1075587
1074934
1075226
1074949
1074860
1074654
1074656
1075549
1075186
1074728
1074645
1074972
1075307
1074793
1075213
1074768
1075118
1075322
1076592
1076787
1076750
1076699
1076723
1075696
1075996
1076182
1076222
1076564
1076035
1076352
1076048
1075788
1076113
1076269
1076095
1076516
1076037
1075670
1075669
1076377
1076188
1076792
1075765
1076047
1076585
1076270
1076197
1076354
1075708
1075994
1076713
1076196
1076151
1076518
1076702
1076582
1077546
1077109
1076838
1076935
1077459
1077012
1077692
1076943
1077235
1077302
1077339
1076983
1077789
1077582
1077577
1077176
1077153
1077110
1077398
1077071
1076918
1076936
1076867
1076894
1077526
1077522
1077091
1076942
1077093
1077013
1077088
1076917
1076846
1077177
1076903
1077073
1077314
1077557
1077583
1077591
1077405
1077578
1077600
1077641
1077750
1077785
1076993
1076865
1077637
1077378
1077590
1077726
1077086
1077867
1077823
1077504
1077599
1078135
1078306
1078058
1078675
1078592
1078133
1078143
1078331
1078823
1078673
1078659
1078418
1078341
1078970
1078345
1078580
1078378
1078981
1078556
1078769
1078127
1078307
1078315
1078632
1078563
1078579
1078913
1078642
1078722
1078974
1078415
1078313
1078128
1078706
1078310
1078357
1078359
1078589
1078725
1078156
1078661
1079317
1080061
1079687
1079685
1079975
1079723
1079937
1079236
1079197
1079820
1079510
1079341
1079033
1079063
1079915
1079296
1079216
1079316
1079908
1079953
1079241
1079053
1079378
1079275
1079590
1079080
1080060
1079835
1079211
1079173
1079511
1080079
1079938
1079284
1079295
1079209
1079826
1079598
1079899
1079190
1079749
1079952
1079291
1079593
1079538
1079446
1079611
1079192
1079810
1079472
1079168
1079172
1079721
1079286
1079099
1079537
1079165
1079447
1079811
1079663
1079474
1079807
1080788
1081200
1080978
1080481
1080266
1080923
1080161
1080241
1080949
1080579
1080309
1080581
1080954
1080885
1080764
1080762
1081196
1080256
1080922
1080966
1080446
1080405
1080676
1080706
1080864
1080984
1080165
1080813
1080674
1080552
1081273
1080323
1080856
1080247
1080442
1080252
1080625
1080329
1081053
1080987
1080707
1080777
1080965
1080427
1080553
1081274
1080622
1080255
1080324
1080244
1081110
1080989
1080406
1080425
1080779
1081111
1080262
1080482
1082332
1082066
1082149
1082366
1081528
1081505
1081761
1081889
1081785
1081454
1081674
1082213
1081427
1082295
1082329
1081911
1082228
1081983
1081673
1081979
1081997
1082045
1081769
1081582
1082038
1081662
1081600
1082356
1082348
1081758
1081913
1081641
1082368
1082218
1081907
1081504
1082096
1081400
1081905
1081566
1081564
1082014
1082203
1082076
1081789
1081393
1081398
1082107
1082289
1081536
1081972
1081868
1082577
1082872
1083371
1082823
1082558
1082756
1082659
1083356
1083431
1082777
1083432
1083474
1082511
1082560
1082723
1082556
1083469
1082693
1082695
1083195
1082824
1082439
1083277
1082481
1082867
1083392
1083097
1082400
1082636
1082728
1082519
1082974
1082755
1083472
1083376
1082449
1082880
1082443
1082817
1082863
1082785
1082743
1082478
1082664
1082786
1083467
1083155
1082506
1083115
1083113
1082678
1082637
1083402
1082632
1082960
1082631
1083607
1084302
1083994
1083562
1083679
1083868
1083646
1083666
1084448
1083996
1084005
1084069
1083704
1083922
1083866
1083831
1083664
1084301
1084441
1083689
1084406
1083703
1084395
1084333
1083647
1084111
1083561
1083780
1083675
1084230
1084359
1084276
1084077
1084189
1083557
1083791
1084312
1084041
1083797
1084006
1083673
1083671
1083639
1083783
1083586
1083640
1083692
1083888
1083674
1084107
1083796
1083805
1084195
1083914
1083605
1083693
1084044
1083681
1083587
1084068
1084925
1085286
1085078
1085436
1085096
1085058
1085250
1085445
1085117
1085179
1085177
1085536
1085282
1084589
1084872
1084830
1085601
1085205
1085284
1085057
1085107
1084863
1085573
1084926
1084606
1085371
1084883
1084605
1085285
1084637
1084639
1085181
1085031
1085543
1085026
1084659
1084640
1085097
1085090
1085613
1085439
1084831
1085538
1085676
1084882
1084662
1085670
1085088
1085443
1085805
1085840
1086428
1085944
1085914
1085763
1086635
1086443
1085989
1086092
1086081
1086441
1086737
1086622
1086785
1086689
1085762
1086662
1085789
1086078
1086630
1086366
1085758
1086747
1086365
1086296
1085949
1086126
1086094
1086788
1086486
1085947
1086648
1086590
1085841
1086325
1085811
1085749
1085943
1086297
1085753
1085909
1086744
1085913
1085751
1086647
1085907
1087738
1087583
1087091
1087221
1087223
1087227
1087124
1087929
1087567
1087111
1086854
1086927
1087798
1087827
1087590
1087122
1087466
1087967
1087214
1087476
1087606
1087791
1087346
1086965
1087092
1087871
1087291
1087213
1087986
1087670
1087709
1087675
1087749
1087322
1087054
1087826
1087992
1087120
1087003
1087125
1087856
1087596
1087969
1087337
1087290
1087755
1087858
1087479
1087480
1087380
1087369
1087469
1086925
1087707
1086882
1086964
1087110
1087004
1087055
1086884
1087345
1087336
1087695
1086859
1087605
1087470
1088441
1088367
1088245
1088731
1088599
1088116
1088646
1088115
1088227
1088229
1088868
1088962
1088829
1088193
1088185
1088325
1088327
1088392
1088544
1088622
1088834
1088390
1088216
1088620
1088984
1088690
1088209
1088299
1088866
1088223
1088124
1088283
1088123
1088284
1088244
1088880
1088218
1088649
1088596
1088689
1088662
1088878
1088792
1088183
1088365
1088573
1088439
1089729
1089486
1089375
1090006
1089243
1090011
1090037
1089211
1089505
1090043
1089537
1089206
1089237
1089732
1089746
1089549
1089101
1089306
1089257
1090038
1089249
1089484
1089512
1089854
1089212
1089208
1089365
1090063
1089870
1089571
1090010
1089304
1089376
1089507
1089213
1089719
1089269
1089513
1089107
1089109
1089368
1089766
1089189
1090080
1090676
1090330
1090919
1090442
1090443
1090324
1090571
1091086
1090526
1090675
1090953
1090291
1090737
1090757
1090325
1090200
1090947
1090264
1091087
1090342
1090564
1090693
1090763
1090668
1090768
1090755
1090735
1090872
1090509
1090327
1090952
1090579
1090988
1090770
1090764
1091075
1090694
1090292
1090809
1090277
1090650
1090577
1091002
1090492
1090276
1090810
1090870
1090528
1090508
1090361
1090320
1090572
1090260
1090439
1090359
1092066
1091344
1091580
1091661
1091568
1091905
1091900
1091982
1091461
1091472
1091826
1091824
1092146
1091901
1091788
1091360
1091419
1091598
1091403
1091550
1091904
1091660
1091347
1091317
1091958
1092135
1091747
1091766
1092041
1091364
1091473
1091422
1092284
1092148
1091358
1091765
1091742
1091369
1091564
1091727
1091789
1091857
1091552
1091362
1092227
1093100
1092953
1092535
1092633
1093110
1092889
1092577
1093221
1092850
1092925
1092404
1092680
1092713
1092745
1092533
1092494
1092576
1092813
1093220
1093092
1092542
1092736
1092926
1092675
1092970
1092685
1092595
1092414
1093062
1093285
1092590
1092568
1092601
1092890
1092993
1093104
1092408
1092592
1092512
1092631
1092744
1092714
1093094
1092994
1092686
1092811
1093182
1093290
1092666
1092498
1092567
1093061
1093539
1094093
1094490
1094300
1093778
1094007
1093997
1093701
1094128
1094251
1093798
1093800
1093472
1094229
1093927
1093885
1093498
1093840
1094122
1094549
1094050
1093965
1093983
1094052
1094180
1093588
1094402
1094085
1093707
1094127
1094496
1094100
1094451
1094056
1094179
1094008
1094057
1094524
1093846
1093507
1093526
1093775
1093577
1093946
1095194
1095045
1095163
1095654
1094699
1095607
1095053
1095485
1094871
1095150
1095486
1095290
1094704
1094982
1095195
1095626
1095152
1095256
1094980
1095474
1094760
1094870
1095701
1094612
1095104
1094725
1094587
1094619
1095713
1094934
1095269
1095052
1094614
1094758
1095113
1095704
1095239
1094696
1095043
1094935
1094603
1096553
1096243
1096648
1096535
1096551
1096375
1096380
1096501
1096442
1096537
1096723
1095744
1095984
1096193
1096536
1096381
1096370
1096401
1096786
1096191
1096661
1096235
1096799
1096269
1096778
1096369
1095885
1096268
1096724
1095842
1096529
1096233
1096685
1096575
1096143
1096561
1096808
1096497
1095777
1096439
1095828
1095829
1096364
1095902
1096538
1096513
1096634
1096581
1095886
1096993
1097294
1097067
1097920
1097071
1096910
1097312
1097059
1097314
1097475
1096942
1097397
1097152
1097909
1097629
1097921
1097398
1096950
1097032
1097174
1096970
1097560
1096952
1097731
1096968
1097473
1097597
1096982
1097287
1097157
1097291
1097078
1097671
1097169
1097175
1096953
1097804
1097186
1097039
1097058
1097202
1097073
1097198
1097782
1096921
1097493
1097911
1097559
1097301
1097109
1097295
1098516
1098474
1098319
1098424
1098223
1098988
1098509
1098965
1098236
1098422
1098953
1098224
1098649
1098983
1098001
1098321
1098315
1098764
1098307
1098998
1098164
1098558
1098473
1098043
1098041
1098395
1098082
1098352
1098886
1098644
1097940
1098648
1098084
1098354
1098088
1098515
1098623
1098704
1098621
1098000
1099034
1098745
1098624
1098444
1098963
1098793
1099059
1098876
1099041
1099043
1098165
1098455
1098990
1098643
1098508
1099138
1099504
1099506
1100155
1099927
1099233
1099305
1099905
1100135
1099144
1100077
1099284
1099286
1099153
1099172
1100050
1099387
1099968
1099632
1099688
1099588
1099390
1099306
1099082
1099145
1099695
1099562
1100167
1099164
1099395
1099969
1099381
1100093
1100013
1099292
1099170
1099647
1099561
1099235
1099379
1099716
1099729
1099616
1100085
1100039
1099706
1099617
1099842
1099633
1099156
1099154
1099092
1100028
1099236
1099939
1100082
1099136
1099585
1100034
1099646
1100831
1100517
1100659
1100263
1100274
1100476
1100972
1100261
1100586
1100738
1101182
1100378
1100344
1100287
1100423
1100832
1100391
1100410
1100225
1100616
1100658
1100213
1100963
1100935
1100776
1100798
1100986
1100406
1101047
1101180
1100447
1100520
1100366
1100934
1100789
1100346
1100272
1100294
1100793
1100774
1100987
1100390
1101041
1100446
1101147
1100962
1100651
1100367
1101129
1100472
1101911
1101482
1101778
1101878
1101627
1101502
1101747
1101533
1101388
1102159
1101824
1101579
1101484
1101228
1102140
1101466
1101679
1101887
1101773
1101406
1102040
1101501
1102070
1102085
1101414
1101630
1101721
1102098
1101268
1102103
1102192
1101625
1101823
1101534
1101884
1101880
1101367
1101232
1101621
1101290
1101970
1102121
1101424
1102043
1101626
1101322
1101578
1101827
1101779
1101422
1101291
1102516
1102927
1103295
1102437
1103194
1102297
1102474
1102828
1103264
1102736
1102512
1103099
1102330
1102325
1103209
1102920
1102642
1102915
1102425
1102300
1102426
1103200
1102473
1102463
1102918
1102549
1103308
1102945
1102435
1103252
1103001
1102735
1103133
1102346
1102467
1102909
1103323
1102592
1102899
1102912
1102965
1103191
1103152
1103296
1102462
1103002
1102548
1102466
1103325
1103210
1102329
1103654
1104383
1104293
1103505
1104108
1103576
1103935
1103890
1103371
1104210
1103615
1104003
1103851
1103913
1104375
1104292
1103591
1103749
1103729
1103653
1104084
1104088
1104367
1103415
1103480
1104002
1103511
1103811
1104247
1104250
1103487
1104091
1103582
1104212
1103402
1103499
1103760
1103588
1104140
1103967
1104073
1103469
1103608
1104369
1104064
1103816
1103423
1104270
1103375
1103581
1104259
1104154
1103495
1103488
1104290
1104149
1104248
1103644
1104072
1104544
1105170
1104923
1104921
1104898
1104906
1105233
1104960
1104750
1104720
1105043
1105326
1104709
1104615
1104638
1104633
1104504
1104827
1104738
1104462
1104814
1104955
1105171
1104642
1105483
1104624
1105278
1104505
1104482
1105276
1105308
1105303
1105300
1104962
1105120
1104641
1104740
1104951
1104667
1104813
1105105
1104648
1105524
1104636
1104900
1105299
1104748
1104822
1105429
1105106
1104774
1105015
1105119
1106544
1106404
1106352
1105822
1106001
1105809
1105677
1105820
1106210
1105615
1106328
1105895
1106524
1106561
1106271
1105639
1106268
1105843
1106560
1106002
1105829
1105896
1105824
1106132
1105702
1106425
1105663
1106291
1105672
1106253
1105641
1105851
1105865
1105806
1105847
1106537
1106281
1106008
1106527
1106309
1106275
1106423
1105694
1106010
1105832
1105811
1106121
1106117
1106298
1105803
