712
210
870
784
445
127
533
169
73
756
858
369
778
327
597
216
876
750
483
252
300
886
788
909
854
473
45
922
106
774
880
306
741
100
83
623
686
26
407
34
574
438
541
654
462
588
20
680
299
823
38
797
578
434
426
7
670
62
550
658
676
420
512
584
733
556
40
191
892
451
617
439
203
305
843
298
46
105
885
589
391
521
659
51
440
875
215
631
39
313
579
294
446
755
113
911
859
168
347
555
675
904
132
831
261
332
287
425
147
368
779
164
817
277
692
721
643
908
789
685
364
25
585
821
122
906
889
109
717
309
257
900
435
543
322
592
360
731
759
166
575
35
219
879
366
160
655
481
429
775
467
402
679
71
531
559
44
448
855
29
621
67
689
743
81
2
290
792
785
471
48
517
444
296
656
897
612
576
263
36
24
365
684
428
833
650
558
449
165
678
30
913
570
28
424
688
580
436
554
49
641
723
430
586
905
674
137
523
754
393
108
295
342
786
888
841
142
201
337
453
193
282
214
874
308
780
104
856
758
111
812
272
697
770
884
311
850
633
878
218
304
776
53
583
828
726
734
497
157
849
209
433
545
357
222
720
762
916
260
97
738
119
836
707
824
573
319
33
266
910
830
653
773
56
12
636
624
488
84
562
50
441
78
538
474
853
630
507
196
456
745
628
484
88
390
412
520
41
783
649
450
190
526
396
74
478
534
489
421
265
363
835
671
79
163
539
644
551
915
21
667
629
681
89
602
546
725
479
540
648
903
525
114
395
829
867
293
182
881
802
101
740
242
301
314
208
195
455
237
848
746
382
118
739
751
372
635
172
871
211
844
318
55
204
310
152
919
851
492
443
535
75
839
116
744
269
227
316
110
352
771
485
702
840
200
92
729
767
475
781
43
206
748
846
85
625
640
199
17
459
548
431
502
646
825
581
399
529
567
417
651
59
544
639
31
571
735
86
470
626
634
458
198
549
54
205
845
303
398
528
620
476
80
103
883
291
638
607
70
530
486
662
213
873
454
194
58
315
480
536
76
753
394
115
524
838
247
736
807
724
553
862
161
187
673
918
361
232
387
730
268
423
377
728
826
901
834
914
645
820
749
177
683
23
264
647
10
273
813
566
375
16
632
175
668
560
52
410
522
392
185
805
343
509
245
143
416
192
283
891
452
664
385
226
317
234
605
722
220
691
117
99
709
864
238
847
359
207
613
262
331
760
131
832
766
868
912
159
499
240
742
386
800
3
180
354
793
415
380
806
921
708
494
246
154
737
98
186
251
370
358
15
176
239
403
498
158
565
94
376
869
827
704
170
711
765
477
504
511
87
627
61
669
508
537
123
600
77
461
606
487
542
225
323
593
693
506
642
57
419
608
500
637
865
569
527
133
397
235
333
611
457
19
197
604
356
178
384
665
490
150
312
184
350
112
811
271
156
496
244
769
378
727
804
174
893
281
229
267
90
202
388
842
141
700
917
188
341
706
374
808
96
837
248
860
236
63
179
747
224
866
513
379
768
732
230
389
591
321
228
463
505
249
809
764
189
822
121
705
95
564
472
923
791
1
609
82
622
418
14
713
568
155
495
660
532
72
401
666
414
547
18
355
253
482
460
695
799
9
466
601
682
22
614
552
60
863
672
297
516
135
66
409
233
335
618
510
422
144
256
663
171
212
872
284
710
907
250
371
752
716
278
818
344
920
381
599
148
329
367
895
288
302
241
801
102
181
882
167
348
129
814
274
130
594
65
324
336
124
515
136
819
279
330
787
761
289
221
690
598
777
465
328
149
857
503
349
128
696
703
93
890
42
925
411
657
404
8
577
896
37
798
715
493
153
442
561
587
619
11
437
794
353
408
255
4
400
275
815
373
519
894
687
173
406
69
661
27
790
677
292
183
0
345
803
557
243
6
469
427
145
796
898
285
383
334
326
877
217
596
603
120
590
320
698
757
134
902
126
259
307
338
615
362
231
694
887
861
162
107
138
719
286
340
5
254
146
795
413
346
782
280
714
699
91
701
140
772
351
270
810
13
339
258
405
816
276
718
139
563
924
151
852
491
518
763
47
610
616
572
32
464
68
652
582
514
125
447
501
432
223
899
325
468
64
595
