712 714
210 211
210 268
870 871
784 791
445 453
127 128
127 140
533 584
169 543
169 170
169 173
73 105
73 76
73 150
756 757
858 859
369 370
369 711
778 780
327 328
327 406
597 604
597 599
216 238
216 223
876 877
750 751
750 865
483 487
252 253
300 312
886 917
886 887
788 790
909 910
854 856
473 479
473 475
45 46
45 224
45 233
45 129
45 276
922 924
106 107
774 885
774 774
880 891
880 882
306 307
741 743
100 103
83 451
83 439
83 84
83 237
623 625
686 705
26 27
407 408
34 36
574 575
574 576
574 728
438 490
541 843
541 555
541 717
541 734
541 727
654 655
462 468
588 589
20 481
20 56
20 21
20 42
680 681
299 300
823 824
823 832
38 39
797 801
578 581
434 492
434 500
434 490
426 579
426 428
7 13
670 671
62 854
62 100
62 462
62 692
62 257
62 471
62 337
62 758
62 272
62 507
62 293
62 101
62 767
62 220
62 847
62 180
62 341
62 66
62 814
62 65
62 324
62 128
62 145
62 146
62 140
62 518
62 64
550 555
550 575
550 576
550 730
550 728
658 675
676 677
420 421
512 851
512 514
584 584
733 736
556 721
556 557
40 40
191 192
892 922
892 923
892 895
451 456
451 452
617 707
617 646
617 618
439 441
439 454
203 580
203 204
203 710
203 563
305 307
843 859
298 300
46 264
46 189
46 93
46 47
105 106
105 109
105 116
885 886
589 593
391 588
391 393
391 401
391 614
521 522
659 660
51 53
440 441
440 450
440 460
440 465
875 876
875 878
215 216
215 273
215 317
215 244
631 639
39 40
39 687
313 315
579 580
294 295
446 453
446 665
446 505
755 772
113 114
113 117
911 913
859 876
859 878
859 860
168 169
347 352
347 358
555 558
555 561
555 572
675 677
904 908
904 907
132 630
132 486
132 673
132 177
132 632
132 133
132 141
132 482
132 661
132 217
132 699
831 832
261 264
332 333
287 355
287 422
425 426
147 148
368 369
779 780
779 781
164 549
164 175
817 818
277 281
692 695
721 745
721 746
721 722
643 644
908 909
908 914
789 790
685 705
364 367
25 25
585 587
821 823
122 124
906 908
906 907
889 890
109 110
109 115
109 123
109 112
717 745
717 746
717 722
717 718
309 310
309 361
257 258
900 901
435 843
435 436
435 754
435 835
435 501
543 551
543 544
543 549
543 547
322 323
592 593
360 363
731 732
759 761
166 170
166 173
575 577
35 36
219 220
879 886
879 897
879 915
879 921
879 902
879 899
366 367
160 544
160 161
160 547
655 656
481 858
481 675
481 833
481 641
481 488
481 489
481 522
481 704
481 772
481 501
429 429
775 776
467 468
402 402
679 681
71 73
71 74
531 532
559 560
44 755
44 157
44 190
44 158
44 660
44 701
44 47
44 652
448 453
448 520
448 477
448 693
448 637
448 665
448 700
448 822
855 856
29 33
29 651
621 623
621 625
67 68
689 690
743 744
81 779
81 739
81 86
81 376
81 777
2 7
290 291
792 806
792 796
792 795
785 786
471 472
48 659
48 51
48 531
48 517
48 767
48 637
48 700
48 95
48 815
48 652
517 519
444 445
296 299
296 319
296 297
656 658
897 903
612 683
612 615
576 577
263 264
36 40
36 485
24 25
365 367
684 685
684 706
428 680
428 429
428 678
428 707
428 706
428 710
428 619
833 834
650 656
558 560
449 453
449 691
449 666
165 166
678 679
30 32
913 918
570 789
570 572
28 29
424 426
424 497
688 704
580 581
436 523
436 437
554 555
554 575
554 576
554 730
554 728
49 51
49 633
49 520
641 644
723 738
430 431
430 582
586 587
905 908
905 907
674 675
137 168
137 143
137 138
523 524
754 773
393 617
393 399
108 109
108 116
295 313
295 296
342 343
786 791
888 890
841 884
841 842
142 168
142 143
201 202
201 495
337 338
337 346
453 480
193 195
282 287
282 378
214 215
214 288
214 289
874 875
308 309
780 784
780 793
104 106
104 109
104 116
856 857
758 761
111 347
111 166
111 481
111 238
111 112
812 838
812 920
272 273
697 702
770 771
884 885
884 893
311 586
311 312
850 857
633 638
878 879
218 219
304 305
304 525
776 779
776 777
53 54
583 584
828 829
726 754
726 786
726 729
734 748
734 735
734 749
734 737
497 499
157 158
849 850
209 210
433 434
433 658
433 755
433 688
433 644
433 844
433 834
433 503
545 548
545 553
357 359
222 238
222 223
720 723
720 840
720 799
762 764
916 917
260 261
97 99
738 751
738 865
119 573
119 372
119 536
119 727
119 120
836 880
836 837
707 708
824 832
573 785
573 577
319 412
319 361
319 320
319 413
33 33
266 267
910 919
830 831
653 655
773 774
773 866
56 59
56 158
56 225
56 90
12 451
12 439
12 305
12 440
12 261
12 257
12 448
12 137
12 21
12 382
12 16
12 133
12 384
12 141
12 228
12 324
12 326
12 231
12 254
12 13
636 638
624 667
624 625
624 693
488 643
488 489
488 657
488 687
84 85
84 376
562 564
50 51
50 142
50 637
50 822
50 93
50 698
50 91
50 518
441 756
441 828
441 636
441 667
441 851
441 845
441 693
441 700
441 505
441 822
441 442
78 80
538 539
474 479
474 475
853 854
630 631
507 510
196 201
196 197
196 495
196 493
456 667
456 637
456 457
456 764
745 747
628 631
484 485
88 92
390 391
390 392
390 590
412 416
520 521
41 56
41 42
783 784
783 793
649 650
450 454
450 452
190 191
526 528
396 721
396 423
396 565
396 397
396 491
74 182
74 152
74 75
478 479
534 536
489 490
421 721
421 423
421 557
421 563
265 267
363 370
835 836
835 883
671 674
79 299
79 456
79 199
79 80
79 154
79 123
79 338
163 164
163 373
539 540
644 905
644 645
551 552
915 918
21 24
21 528
667 668
629 689
629 630
629 666
681 906
681 861
681 681
89 92
602 603
546 547
725 726
479 480
540 541
540 567
648 654
648 649
903 910
525 526
525 527
114 119
395 438
395 397
395 491
829 832
867 870
867 900
867 868
867 920
867 894
293 313
293 296
182 200
182 185
182 183
881 882
802 805
101 103
740 744
242 365
242 243
301 304
301 302
314 315
208 210
195 196
455 817
455 849
455 478
455 458
455 826
455 506
455 769
455 757
455 852
237 248
848 850
746 747
382 383
118 119
739 740
751 752
372 374
635 638
172 174
871 871
211 216
211 244
844 858
318 361
318 320
55 56
55 89
55 59
55 194
55 158
55 87
55 225
55 323
55 279
55 276
204 744
204 355
204 371
310 311
310 321
152 155
152 153
919 919
851 852
492 906
492 861
492 492
443 445
535 536
75 105
75 76
839 839
116 122
116 117
116 537
744 747
744 809
269 271
227 756
227 483
227 845
227 673
227 693
227 228
316 317
110 539
110 114
352 713
352 353
352 362
352 595
771 772
485 487
702 703
840 874
840 873
840 842
200 201
92 99
729 733
729 748
729 749
729 737
767 768
475 476
781 783
43 169
43 322
43 54
43 232
206 210
206 332
206 333
748 750
748 753
748 808
846 850
85 779
85 740
85 86
85 777
625 631
640 641
199 201
17 18
459 463
459 460
548 550
548 724
431 685
431 432
502 755
502 844
502 834
502 503
646 680
646 678
646 647
646 706
825 827
581 583
581 582
399 402
399 707
399 646
399 600
399 682
399 618
529 533
567 788
567 731
567 569
417 418
651 656
59 60
544 545
639 640
31 32
571 789
571 572
735 736
86 203
470 476
626 628
634 635
634 765
634 696
458 468
198 202
198 568
549 550
549 724
54 60
205 206
845 846
303 304
398 617
398 399
528 529
620 905
620 645
476 480
80 81
103 104
883 885
883 893
291 296
291 314
638 639
607 608
70 77
530 532
486 643
486 655
486 487
486 687
662 664
213 214
873 875
454 659
454 689
454 636
454 628
454 455
454 666
454 696
454 514
194 309
194 195
194 350
194 280
58 59
315 318
480 489
536 541
536 567
76 77
753 774
753 866
394 395
115 122
115 117
115 537
524 876
524 878
524 862
524 524
838 870
838 839
838 868
247 248
736 738
736 798
807 889
807 888
807 884
807 883
807 811
724 726
553 554
553 725
862 863
161 164
161 373
187 643
187 350
187 188
187 349
673 674
918 919
361 589
361 713
361 362
232 239
232 236
387 388
730 788
730 732
268 273
423 428
423 498
377 377
728 754
728 786
728 729
826 827
901 903
834 835
914 918
914 925
645 904
645 864
645 645
820 854
820 821
749 750
749 753
749 808
177 181
683 684
683 707
23 24
23 484
264 266
264 265
647 681
10 13
273 283
273 284
273 274
273 275
813 880
813 837
566 583
566 582
375 739
375 376
16 643
16 650
16 17
16 486
16 403
16 687
632 633
175 176
175 552
668 670
668 669
560 792
560 562
560 802
52 53
52 94
410 412
410 413
522 523
392 393
185 186
805 807
343 344
509 510
245 246
245 250
143 144
416 420
416 417
192 196
283 286
891 892
891 900
452 756
452 659
452 689
452 453
452 635
452 851
452 625
452 845
452 505
452 666
452 818
452 696
452 469
452 514
664 674
385 543
385 775
385 571
385 386
226 232
317 318
234 235
605 841
605 619
722 723
722 840
722 799
220 245
220 221
691 692
117 539
117 118
99 119
99 540
99 535
99 124
709 904
709 709
864 868
238 365
238 243
847 850
359 360
207 214
207 208
613 686
613 614
262 756
262 306
262 277
262 471
262 263
262 818
262 280
331 357
331 352
331 594
760 761
131 294
131 132
131 290
131 254
832 833
766 770
868 871
868 868
912 913
159 160
159 163
499 500
240 241
742 743
386 589
386 717
386 424
386 586
386 729
386 387
386 742
386 389
386 422
386 594
386 400
386 427
800 801
3 7
3 305
3 193
3 633
3 195
3 700
3 66
180 181
354 355
354 422
793 835
793 804
793 794
793 803
415 416
380 430
380 381
806 807
921 922
921 923
708 905
708 709
708 863
494 496
246 366
246 247
154 156
737 738
737 798
98 99
186 197
186 495
251 252
370 424
370 742
370 568
370 371
370 427
358 359
358 370
358 711
15 25
176 203
239 241
403 483
403 482
403 404
498 743
498 499
158 543
158 159
158 170
158 173
565 566
94 191
94 305
94 137
94 95
376 580
376 377
376 710
869 870
869 901
869 872
869 898
827 828
704 705
170 172
170 544
170 547
711 715
765 766
477 623
477 855
477 849
477 478
477 826
477 509
477 760
477 769
477 663
504 845
504 691
504 665
504 505
511 514
87 88
627 689
627 628
627 667
61 80
669 670
508 510
537 538
123 124
600 684
600 601
77 84
77 78
77 80
77 82
461 462
461 692
461 759
461 507
461 820
461 847
461 661
461 699
606 608
487 489
542 550
542 724
225 240
225 236
323 331
593 597
593 598
593 596
693 694
506 510
642 644
57 157
57 58
419 420
608 683
608 610
500 524
637 638
865 880
865 867
569 745
569 746
569 722
569 718
569 572
527 528
133 134
397 398
235 239
235 236
333 338
333 346
611 612
457 817
457 855
457 475
457 846
457 825
457 626
457 458
457 509
457 760
457 511
457 663
457 694
457 701
19 25
197 372
197 198
197 716
197 787
604 620
356 360
178 179
384 385
665 669
490 492
150 182
150 152
312 585
312 353
184 186
350 351
112 114
811 812
811 881
271 272
156 160
156 163
496 556
496 523
496 497
496 568
496 715
244 246
244 250
769 770
378 388
727 729
804 805
174 570
174 549
174 375
174 175
893 900
893 894
281 368
281 282
281 387
281 286
229 291
229 234
229 230
267 368
267 282
267 387
267 286
90 195
90 92
90 350
202 203
202 494
388 391
388 392
388 677
388 590
842 860
141 306
141 142
700 701
917 918
188 817
188 849
188 323
188 189
188 663
341 343
706 708
374 375
808 809
96 97
96 98
837 838
837 920
248 390
248 253
860 864
860 860
236 252
236 366
236 237
236 247
63 294
63 293
63 101
63 145
63 64
179 180
747 750
747 875
747 842
224 225
866 880
866 867
513 636
513 698
513 514
379 385
379 869
768 770
732 733
732 748
732 749
732 737
230 231
389 420
389 573
389 390
389 540
389 535
389 417
389 394
389 569
389 732
389 495
389 787
389 493
591 592
321 585
321 360
321 353
228 235
228 231
463 517
463 633
463 828
463 691
463 765
463 665
463 698
463 464
505 506
249 252
809 889
809 888
809 884
809 811
764 771
189 191
822 823
121 439
121 298
121 122
121 456
121 200
121 459
121 452
121 274
705 905
705 709
705 863
95 97
95 98
564 565
472 476
923 924
791 806
791 796
791 795
1 483
1 1
609 683
609 610
82 84
622 623
622 625
418 421
14 25
713 714
568 569
568 727
155 166
155 156
495 496
660 664
532 533
72 73
72 340
401 402
401 612
401 606
401 609
666 668
414 415
547 548
547 553
18 24
18 19
355 355
253 287
253 395
482 483
482 649
460 831
460 471
460 633
460 630
460 767
460 673
460 461
460 518
695 703
799 859
799 800
799 808
9 10
466 759
466 467
466 830
466 853
466 848
466 662
466 632
466 508
466 768
466 819
601 602
601 604
682 685
682 706
22 23
22 408
614 683
614 615
552 554
552 725
60 775
60 85
60 376
60 61
863 864
672 673
297 298
297 415
516 517
516 828
135 137
135 530
66 70
409 429
233 234
335 336
618 619
510 521
422 721
422 423
422 557
422 563
144 160
144 163
256 257
663 664
171 172
212 214
212 340
212 339
872 886
872 897
872 915
872 912
284 410
284 414
284 285
710 723
710 840
710 800
907 909
907 914
250 364
250 410
250 251
371 377
752 774
716 717
716 731
278 279
818 823
344 347
344 410
344 414
344 345
920 922
920 923
381 382
381 384
599 603
148 155
148 149
329 330
367 369
895 897
895 915
895 912
288 316
288 289
302 304
241 364
241 365
241 394
241 243
801 812
801 881
102 103
102 329
102 326
181 200
181 185
181 183
882 886
167 169
348 351
129 294
129 132
129 290
129 254
814 821
814 816
274 275
130 131
594 595
65 66
324 330
336 337
336 341
124 534
124 540
124 373
124 125
515 521
136 659
136 831
136 137
136 636
136 474
136 696
819 821
279 281
330 331
330 348
787 788
761 771
289 299
289 319
289 297
221 222
690 695
598 604
598 599
777 778
777 783
465 517
465 474
465 630
465 673
465 691
465 466
465 698
328 330
149 165
149 154
857 858
503 522
349 350
128 134
696 697
703 704
93 95
890 892
890 900
42 277
42 308
42 97
42 43
42 192
42 331
42 98
42 235
42 267
42 144
42 348
42 307
925 925
411 412
411 413
657 658
404 875
404 679
404 433
404 605
404 708
404 752
404 882
404 890
404 405
8 10
577 578
577 804
577 794
577 803
896 897
37 39
798 800
715 716
715 787
493 494
153 165
153 154
442 445
442 762
442 470
442 626
442 511
442 660
561 792
561 562
561 802
587 588
587 592
587 612
587 613
587 606
587 609
587 601
619 620
11 71
11 193
11 55
11 431
11 16
11 57
11 532
11 212
11 349
11 91
11 13
11 582
437 686
437 438
437 676
437 488
437 642
794 806
794 796
794 795
353 354
353 370
353 711
408 409
255 258
4 7
4 182
400 592
400 401
400 614
275 368
275 282
815 816
373 374
519 520
894 895
687 688
173 174
406 407
406 648
69 104
69 222
69 70
69 155
69 344
69 288
69 149
69 340
661 664
27 29
790 791
677 681
292 293
183 199
183 184
0 0
345 357
345 352
803 805
557 558
557 561
557 719
243 248
6 7
6 219
469 762
469 825
469 470
427 741
427 579
427 428
145 148
796 797
796 813
898 902
898 899
285 286
383 385
334 336
326 328
877 879
217 245
217 221
596 604
596 599
603 620
120 731
120 125
590 591
320 321
698 699
757 761
134 167
134 139
902 911
902 903
126 167
126 139
259 266
259 265
307 310
307 361
338 345
615 616
362 712
362 363
231 232
694 695
887 903
861 863
162 163
107 110
107 123
107 112
138 167
138 139
719 734
719 720
286 369
286 287
286 378
286 400
340 344
5 7
5 309
5 308
5 630
5 230
5 822
5 302
5 687
254 255
146 148
795 797
795 813
413 416
346 347
782 783
280 281
714 715
699 702
91 92
701 702
140 306
140 142
772 773
351 352
351 358
270 332
270 271
810 889
810 888
810 811
13 15
13 14
339 340
258 266
258 265
405 407
405 812
405 865
405 408
816 824
276 277
276 308
276 323
718 720
139 144
563 564
924 925
151 152
151 179
852 856
491 492
518 519
763 828
763 851
763 764
47 54
610 616
616 682
616 618
572 578
572 804
572 794
572 803
32 643
32 33
464 467
464 621
464 758
464 853
464 848
464 662
464 508
464 472
464 819
68 299
68 319
68 74
68 211
68 315
68 268
68 273
68 245
68 333
68 297
68 181
68 69
68 338
68 346
652 653
582 584
514 515
125 203
447 448
447 465
501 502
432 859
432 433
432 620
432 883
432 753
432 647
432 813
223 237
223 415
223 249
899 913
899 901
325 329
325 326
468 480
64 66
595 597
595 642
595 598
595 596
