183
48
400
547
162
43
188
304
3
316
291
330
344
152
434
440
222
8
39
237
507
198
250
412
120
570
564
193
357
176
477
11
526
260
274
281
367
554
307
92
530
544
200
21
516
234
422
240
110
504
437
136
347
491
395
212
567
354
142
68
82
326
63
450
364
557
385
370
481
58
102
277
53
79
460
474
215
145
379
496
353
197
131
85
70
64
469
358
478
26
382
511
363
54
105
459
473
368
47
249
119
95
548
187
486
543
425
233
321
503
7
539
508
392
238
209
568
269
67
415
194
563
311
296
558
259
273
57
278
553
129
339
308
286
165
184
16
521
303
449
44
171
30
343
4
155
438
409
225
348
433
252
314
346
191
572
137
436
122
410
262
517
283
18
13
288
306
174
41
160
402
276
524
181
35
556
298
332
150
327
1
293
566
442
220
389
236
506
140
61
134
210
452
80
75
317
372
51
488
462
546
483
514
100
90
366
23
527
202
476
28
399
177
532
356
493
112
420
242
498
324
24
429
541
56
205
535
297
99
115
328
494
245
66
390
231
323
501
133
455
138
109
351
72
149
518
219
471
17
375
380
484
465
89
513
287
361
523
301
405
159
173
528
32
229
178
27
335
431
169
341
196
497
294
445
255
561
6
313
575
125
318
284
265
551
487
186
14
419
271
46
362
383
510
55
104
206
388
472
536
214
352
144
130
71
417
116
246
84
65
489
232
424
502
398
29
227
157
393
456
320
499
376
94
466
167
542
406
107
272
552
336
289
87
310
414
19
195
217
147
562
446
256
5
342
154
576
224
432
126
427
266
520
31
185
164
170
97
299
45
302
397
153
179
441
2
345
529
228
290
435
158
223
331
163
182
401
168
42
305
319
280
275
36
261
10
555
387
121
571
418
192
413
251
565
235
490
505
423
111
241
394
428
76
201
93
531
20
98
329
545
384
365
461
139
108
371
52
103
475
480
355
213
451
143
88
62
519
83
148
218
216
391
447
146
114
500
244
495
230
86
322
337
25
106
407
204
534
540
374
360
96
485
470
464
69
267
381
512
426
78
127
350
132
454
59
73
257
340
334
189
117
416
247
49
444
295
430
207
172
537
404
522
9
38
300
33
285
270
264
166
467
550
377
15
199
254
312
457
156
226
574
560
124
282
263
12
569
268
315
128
77
253
279
411
123
559
573
190
258
448
0
221
333
151
443
338
309
292
403
175
180
525
349
40
161
34
408
439
373
359
101
468
482
378
463
50
515
369
81
135
458
453
396
479
211
141
60
74
113
243
492
248
549
118
325
421
22
538
509
386
239
208
37
203
91
533
