183 184
183 191
183 199
48 274
48 50
400 402
547 550
162 169
162 163
43 47
43 324
188 189
304 344
304 399
304 305
3 70
3 4
3 66
3 219
3 65
3 5
3 148
3 74
316 316
291 292
330 332
344 370
344 460
344 351
152 165
152 155
434 436
440 442
222 224
8 25
8 9
39 43
237 239
507 508
198 202
250 251
412 541
412 413
120 155
120 121
570 576
564 564
193 194
357 420
357 362
357 435
357 365
357 421
176 210
176 177
477 481
11 200
11 23
11 17
11 27
11 247
11 248
526 528
260 261
274 278
274 290
274 275
281 282
281 292
367 368
367 480
367 470
554 564
554 563
307 308
307 519
92 103
530 535
544 545
200 201
21 22
516 516
234 235
422 428
240 244
110 116
504 505
437 449
437 438
136 162
136 137
347 348
491 493
395 544
395 404
212 215
212 233
212 217
567 570
354 355
354 463
142 143
68 70
68 148
82 551
82 83
326 328
326 472
326 479
63 64
63 220
63 223
63 190
450 451
364 364
557 559
385 385
370 478
370 371
370 470
481 489
481 482
58 191
58 61
58 73
102 103
277 280
53 54
53 225
53 78
79 80
460 544
460 461
474 483
474 529
215 216
145 146
379 412
379 544
379 380
379 456
379 466
496 504
496 500
353 354
353 372
353 476
353 376
353 381
353 467
197 198
131 153
131 132
85 86
70 71
64 75
64 66
64 65
64 74
469 474
469 489
469 485
469 482
358 359
478 480
26 250
26 28
382 383
382 458
511 512
363 364
54 57
54 59
105 299
105 106
459 462
473 474
473 487
368 368
47 412
47 357
47 544
47 119
47 380
47 301
249 250
119 425
119 297
119 376
119 559
95 96
548 549
187 194
486 546
486 487
543 546
543 561
543 555
425 427
425 426
233 234
321 322
503 505
7 25
7 9
539 540
508 510
392 393
238 241
238 239
209 240
209 242
568 575
568 569
269 276
67 71
415 416
194 252
194 205
194 196
563 564
311 399
311 312
296 326
296 297
558 559
259 260
273 274
57 120
57 71
278 281
278 280
553 554
129 136
129 133
129 146
339 445
339 342
339 441
339 416
308 311
308 396
286 498
286 287
165 166
184 198
184 193
184 186
16 17
521 523
303 354
303 314
303 318
303 334
449 450
44 46
171 173
30 33
343 351
4 5
155 169
155 167
155 163
155 172
155 386
438 439
409 431
409 411
225 229
225 226
348 459
348 415
348 435
348 350
348 421
433 449
433 438
252 253
314 316
314 472
314 479
346 347
191 194
191 246
572 574
572 573
137 138
436 437
122 145
122 131
122 129
122 153
410 431
410 411
262 536
262 263
517 518
517 522
283 284
18 24
18 195
13 16
13 14
13 20
288 289
306 308
306 519
174 507
174 392
174 506
174 394
174 175
41 43
41 45
160 167
160 163
160 172
402 405
402 404
276 282
524 525
181 205
181 182
35 527
35 38
35 533
556 562
298 298
332 353
332 454
332 340
332 411
332 333
150 165
150 155
327 328
1 273
1 272
1 2
293 336
293 302
293 295
566 567
566 575
566 571
442 446
220 222
220 225
220 227
389 391
236 237
236 242
506 508
140 146
61 120
61 71
134 152
134 283
134 135
210 238
210 236
452 491
80 82
80 95
80 90
80 81
75 77
317 318
317 365
372 542
372 373
372 468
372 463
51 56
51 52
488 494
488 490
462 468
462 463
546 547
546 571
483 491
483 508
483 518
483 522
514 516
514 515
100 103
90 102
90 94
90 97
90 345
90 114
90 91
366 366
23 24
23 195
527 528
202 252
202 205
202 203
476 477
28 29
28 37
399 400
399 424
177 395
177 410
177 420
177 178
177 407
177 360
177 430
532 534
356 362
356 365
493 493
112 113
420 493
242 243
498 499
324 462
324 455
324 456
324 466
324 329
324 349
324 325
24 29
24 37
429 448
541 546
541 562
56 57
56 59
205 206
205 257
535 535
297 298
297 471
297 480
99 110
99 100
99 115
115 116
328 328
494 526
494 496
494 514
494 575
494 512
494 533
245 256
66 67
66 147
390 391
231 232
323 324
501 570
501 513
501 502
133 152
133 290
133 135
455 457
138 169
138 163
109 119
109 356
109 329
351 561
351 352
351 555
72 82
72 81
149 150
149 284
518 521
219 222
219 225
219 227
471 473
17 26
17 18
375 412
375 425
375 405
375 376
375 457
375 439
380 486
380 476
380 384
380 381
484 488
465 469
89 90
513 513
287 293
287 294
287 337
361 367
361 370
361 452
361 372
361 362
361 365
523 523
301 440
301 370
301 314
301 318
301 432
301 444
405 541
405 406
159 160
159 170
159 387
173 393
173 414
173 360
173 175
528 530
32 33
229 235
178 380
178 179
178 454
27 202
27 28
335 335
431 433
169 170
341 557
341 343
341 342
196 204
497 504
497 500
294 302
294 295
445 446
255 256
561 562
6 24
313 314
313 362
575 576
125 130
125 217
125 126
125 128
318 472
318 320
318 479
284 286
284 289
265 367
265 295
551 553
487 488
186 187
186 246
14 15
14 22
419 420
271 273
46 47
362 364
362 478
362 470
383 383
510 513
55 56
104 347
104 105
104 108
104 117
104 300
206 207
388 389
472 473
536 537
214 215
214 217
352 352
144 145
144 153
130 131
71 82
71 95
71 90
71 81
417 419
116 117
246 250
84 183
84 85
84 185
65 67
65 149
489 494
489 490
232 233
424 434
424 440
424 425
424 432
424 444
502 530
502 503
502 532
502 523
502 515
398 399
29 35
29 322
227 228
157 158
157 549
393 395
393 410
393 407
456 457
320 320
499 504
499 500
376 475
376 378
94 98
94 113
466 467
167 390
167 168
542 543
406 406
107 108
272 273
552 553
336 374
336 338
289 292
87 88
310 311
310 517
310 396
414 415
414 417
414 430
19 249
19 23
19 27
19 62
195 252
195 205
195 196
217 235
217 218
147 149
562 567
562 563
446 450
446 447
256 304
256 258
5 6
5 25
342 343
154 165
154 155
576 576
224 226
432 433
432 452
126 144
126 127
427 428
266 460
266 351
266 302
266 418
266 374
266 295
520 521
31 547
31 260
31 563
31 493
31 501
31 32
31 536
31 331
31 189
31 537
31 285
185 198
185 193
185 186
164 390
164 168
170 358
170 173
170 509
97 111
97 98
299 301
299 401
299 325
45 323
45 46
302 303
302 361
302 466
397 400
397 424
153 278
153 154
153 275
179 354
179 326
179 314
179 297
179 341
179 318
179 376
179 334
179 467
441 442
2 5
345 346
529 530
529 532
228 229
290 292
435 436
158 159
223 224
331 554
331 332
163 389
163 164
182 251
182 204
182 253
401 402
401 455
168 175
42 43
305 558
305 436
305 317
305 419
305 397
305 312
305 333
319 320
280 282
275 276
36 330
36 240
36 347
36 358
36 105
36 41
36 242
36 323
36 173
36 206
36 108
36 117
36 38
36 300
36 263
36 309
261 332
261 424
261 435
261 264
261 421
10 11
10 283
10 284
555 556
387 389
121 162
121 137
121 166
571 573
418 442
418 419
418 444
192 193
413 413
251 257
251 253
565 566
235 238
235 236
490 491
490 508
490 518
490 522
505 505
423 440
423 437
423 425
423 444
111 113
241 242
394 395
394 410
394 407
428 451
76 77
201 202
93 94
93 97
531 534
20 200
20 21
20 27
20 247
20 248
98 110
98 100
329 367
329 354
329 334
545 546
384 477
384 385
384 458
365 478
365 366
365 470
461 462
139 140
108 379
108 348
108 109
371 371
52 79
52 57
52 60
103 105
103 108
103 300
475 477
480 567
480 481
480 571
480 537
355 355
213 271
213 214
213 232
451 491
143 144
88 102
88 568
88 346
88 572
88 99
88 113
88 91
62 75
62 66
62 65
62 76
62 74
519 520
519 522
83 102
83 114
83 91
148 149
218 226
216 218
391 511
391 392
391 394
447 448
146 269
146 278
146 150
114 568
114 572
114 115
500 503
244 344
244 558
244 317
244 258
244 333
495 496
230 233
86 88
322 323
322 529
337 374
337 338
25 28
106 379
106 348
106 109
407 409
204 206
534 535
540 540
374 422
374 557
374 449
374 375
374 380
360 422
360 361
360 423
96 345
96 111
96 98
485 488
470 473
464 465
69 70
69 148
267 293
267 294
267 495
267 337
381 382
381 486
512 513
426 428
78 79
127 129
127 139
350 351
132 136
132 133
454 462
454 457
59 61
59 73
73 80
257 304
257 258
340 395
340 341
334 335
334 463
189 190
117 379
117 118
416 420
247 249
247 552
49 274
49 50
444 445
295 296
430 431
207 344
207 399
207 305
207 258
172 358
172 173
172 509
537 540
404 405
522 523
9 24
38 39
38 44
38 42
300 301
300 401
300 325
33 34
33 37
285 286
285 288
270 271
264 317
264 313
264 265
264 369
166 167
166 172
166 386
467 542
467 468
550 564
377 475
377 378
15 17
199 202
254 255
254 257
312 422
312 353
312 558
312 455
312 313
312 411
457 477
457 487
457 458
156 159
226 238
226 236
574 575
560 561
124 131
124 129
124 139
282 539
282 498
282 287
263 264
12 16
12 14
569 570
268 291
268 276
268 279
315 316
128 129
128 139
77 136
77 134
77 80
77 154
253 516
253 256
253 515
279 281
279 280
411 412
123 144
123 143
123 124
559 562
573 576
190 191
190 199
258 265
258 456
448 451
0 2
221 222
333 486
333 384
333 334
333 467
151 152
443 445
338 460
338 339
309 311
309 396
292 293
292 294
292 337
403 405
403 404
175 178
180 181
525 526
525 529
525 533
349 402
349 350
40 41
40 210
161 162
34 321
34 35
408 409
439 448
373 373
359 414
359 360
101 102
468 469
482 483
482 529
378 382
378 486
463 465
50 269
50 278
50 89
50 83
50 96
515 516
369 370
81 551
81 83
135 162
135 137
458 474
453 483
396 419
396 397
396 435
479 480
211 212
211 230
141 145
60 61
60 73
74 136
74 134
74 80
74 154
113 116
243 244
492 493
248 249
248 552
549 564
549 550
118 119
118 356
118 329
325 434
325 326
325 372
421 422
22 23
538 539
509 510
386 387
239 307
239 240
239 306
239 309
208 209
208 309
37 527
37 38
37 533
203 251
203 204
91 92
91 346
533 534
