84 0.00 0
29 0.00 0
220 1.00 0
197 0.00 0
30 0.00 0
110 0.00 0
50 0.00 0
213 0.00 0
231 0.00 0
153 0.00 0
83 0.00 0
21 1.00 0
198 0.00 0
60 0.00 0
179 0.00 0
148 0.00 0
107 0.00 0
157 0.00 0
47 0.00 0
250 0.00 0
99 0.00 0
235 0.00 0
1 0.00 0
96 0.00 0
128 1.00 0
137 1.00 0
207 0.00 0
165 1.00 1
91 0.00 1
72 0.00 1
154 1.00 1
13 0.00 1
159 1.00 1
255 1.00 1
241 0.00 1
9 0.00 1
92 0.00 1
33 0.00 1
133 1.00 1
211 1.00 1
144 1.00 1
59 0.00 1
20 0.00 1
229 0.00 1
190 1.00 1
246 1.00 1
194 0.00 1
201 0.00 1
169 0.00 1
74 0.00 1
100 0.00 1
108 0.00 1
80 0.00 1
